,date,f0,f1,f2,f3,f4,f5,f6,f7,f8
0,1950-01-01,-0.025547,-0.29454,-0.43889,-0.53845,-0.21581,0.0044815,-0.12887,0.051841,0.085791
1,1950-02-01,0.092241,-0.20626,-0.45672,-0.52623,-0.21438,0.0032649,-0.12956,0.051858,0.085784
2,1950-03-01,0.091614,-0.11494,-0.46601,-0.50735,-0.21291,0.0021594,-0.13022,0.05187,0.085777
3,1950-04-01,-0.029861,-0.018285,-0.46645,-0.48198,-0.21139,0.001161,-0.13084,0.051877,0.085769
4,1950-05-01,-0.081061,0.092434,-0.45742,-0.45061,-0.20982,0.00026607,-0.13142,0.051878,0.085762
5,1950-06-01,-0.081246,0.23634,-0.43823,-0.41378,-0.2082,-0.00052874,-0.13198,0.051875,0.085755
6,1950-07-01,0.07537,0.40751,-0.40821,-0.37203,-0.20653,-0.0012265,-0.13249,0.051866,0.085747
7,1950-08-01,-0.018363,0.51294,-0.36667,-0.32589,-0.20481,-0.0018303,-0.13297,0.051851,0.08574
8,1950-09-01,-0.065202,0.4554,-0.31307,-0.2759,-0.20303,-0.0023432,-0.13342,0.051832,0.085733
9,1950-10-01,0.064017,0.20652,-0.24767,-0.22261,-0.2012,-0.0027684,-0.13382,0.051807,0.085725
10,1950-11-01,0.03525,-0.097637,-0.17195,-0.16655,-0.19931,-0.0031089,-0.13418,0.051776,0.085718
11,1950-12-01,-0.054299,-0.35199,-0.08765,-0.10827,-0.19736,-0.0033678,-0.13451,0.051741,0.08571
12,1951-01-01,-0.080261,-0.47885,0.0036991,-0.048294,-0.19536,-0.0035483,-0.13479,0.0517,0.085703
13,1951-02-01,0.032733,-0.4515,0.10057,0.012829,-0.19329,-0.0036535,-0.13504,0.051653,0.085695
14,1951-03-01,0.039559,-0.31958,0.19825,0.074562,-0.19116,-0.0036864,-0.13524,0.051601,0.085687
15,1951-04-01,0.11289,-0.14965,0.29117,0.13637,-0.18896,-0.0036501,-0.13539,0.051543,0.08568
16,1951-05-01,0.014132,0.002985,0.37379,0.1977,-0.1867,-0.0035482,-0.13551,0.05148,0.085672
17,1951-06-01,-0.040457,0.12816,0.44053,0.25803,-0.18438,-0.0033842,-0.13557,0.051411,0.085664
18,1951-07-01,-0.14337,0.22447,0.48584,0.31681,-0.18198,-0.0031616,-0.13559,0.051337,0.085657
19,1951-08-01,-0.080158,0.28356,0.50415,0.37351,-0.17952,-0.0028838,-0.13557,0.051257,0.085649
20,1951-09-01,-0.04618,0.30691,0.48991,0.42758,-0.17699,-0.0025544,-0.13549,0.051172,0.085641
21,1951-10-01,0.1601,0.29692,0.43969,0.47849,-0.17439,-0.0021766,-0.13536,0.051081,0.085633
22,1951-11-01,0.036908,0.2508,0.3585,0.52583,-0.17171,-0.0017537,-0.13519,0.050984,0.085625
23,1951-12-01,-0.030857,0.1769,0.25346,0.5692,-0.16896,-0.0012888,-0.13496,0.050882,0.085618
24,1952-01-01,-0.16161,0.086898,0.13169,0.60823,-0.16613,-0.00078468,-0.13468,0.050774,0.08561
25,1952-02-01,-0.074868,-0.0064059,0.00028436,0.64254,-0.16323,-0.00024422,-0.13434,0.05066,0.085602
26,1952-03-01,0.0054492,-0.08583,-0.13364,0.67175,-0.16025,0.00032968,-0.13395,0.050542,0.085594
27,1952-04-01,0.15276,-0.13152,-0.26296,0.69549,-0.15719,0.00093417,-0.13351,0.050418,0.085586
28,1952-05-01,0.14054,-0.12382,-0.38046,0.71337,-0.15405,0.0015665,-0.13302,0.050288,0.085578
29,1952-06-01,-0.030355,-0.07108,-0.47824,0.72502,-0.15082,0.002224,-0.13247,0.050153,0.08557
30,1952-07-01,-0.13808,-0.0030445,-0.54803,0.73005,-0.14752,0.0029039,-0.13187,0.050013,0.085562
31,1952-08-01,-0.058738,0.048778,-0.58184,0.7281,-0.14412,0.0036035,-0.13121,0.049868,0.085554
32,1952-09-01,0.12519,0.058154,-0.57069,0.71888,-0.14063,0.0043202,-0.13049,0.049718,0.085545
33,1952-10-01,0.019747,0.01581,-0.5116,0.70263,-0.13703,0.0050511,-0.12972,0.049562,0.085537
34,1952-11-01,-0.10855,-0.037963,-0.41193,0.67994,-0.13331,0.0057937,-0.12889,0.049402,0.085529
35,1952-12-01,-0.097296,-0.052927,-0.28498,0.6514,-0.12948,0.0065452,-0.12801,0.049236,0.085521
36,1953-01-01,0.049602,-0.012426,-0.1441,0.61765,-0.12553,0.0073028,-0.12707,0.049065,0.085513
37,1953-02-01,0.076171,0.047069,0.0025337,0.5793,-0.12146,0.008064,-0.12608,0.048889,0.085504
38,1953-03-01,-0.064388,0.07859,0.14806,0.53698,-0.11725,0.0088259,-0.12502,0.048709,0.085496
39,1953-04-01,-0.037326,0.053272,0.28598,0.49129,-0.11291,0.0095859,-0.12391,0.048523,0.085488
40,1953-05-01,0.038834,-0.0058918,0.4112,0.44287,-0.10842,0.010341,-0.12274,0.048333,0.085479
41,1953-06-01,0.03924,-0.069886,0.51893,0.39232,-0.10379,0.011089,-0.12151,0.048138,0.085471
42,1953-07-01,-0.039069,-0.1314,0.6042,0.34028,-0.099013,0.011827,-0.12022,0.047938,0.085463
43,1953-08-01,-0.018257,-0.16388,0.66199,0.28736,-0.094078,0.012552,-0.11888,0.047733,0.085454
44,1953-09-01,0.054259,-0.1163,0.68813,0.23413,-0.088983,0.013262,-0.11747,0.047524,0.085446
45,1953-10-01,-0.025882,0.016081,0.68186,0.18096,-0.083723,0.013954,-0.116,0.04731,0.085437
46,1953-11-01,-0.083007,0.15718,0.64337,0.12808,-0.078293,0.014624,-0.11448,0.047091,0.085429
47,1953-12-01,-0.047521,0.23609,0.57378,0.075673,-0.072689,0.015271,-0.11289,0.046868,0.08542
48,1954-01-01,0.11258,0.21549,0.47821,0.023922,-0.066905,0.015892,-0.11124,0.04664,0.085411
49,1954-02-01,0.10203,0.083197,0.36393,-0.026981,-0.060937,0.016484,-0.10953,0.046408,0.085403
50,1954-03-01,-0.050122,-0.097596,0.2385,-0.076848,-0.054779,0.017044,-0.10776,0.046171,0.085394
51,1954-04-01,-0.13377,-0.24477,0.1095,-0.12549,-0.048428,0.01757,-0.10593,0.04593,0.085386
52,1954-05-01,-0.016454,-0.29853,-0.0155,-0.17272,-0.041877,0.018058,-0.10404,0.045685,0.085377
53,1954-06-01,0.12364,-0.28754,-0.12986,-0.21835,-0.035123,0.018507,-0.10208,0.045435,0.085368
54,1954-07-01,0.12345,-0.25153,-0.23097,-0.26219,-0.028161,0.018913,-0.10006,0.045181,0.085359
55,1954-08-01,-0.010158,-0.19811,-0.31827,-0.30405,-0.020985,0.019274,-0.097974,0.044923,0.085351
56,1954-09-01,-0.082005,-0.12294,-0.39149,-0.34374,-0.01359,0.019587,-0.095827,0.04466,0.085342
57,1954-10-01,0.0045278,-0.022837,-0.4506,-0.38107,-0.0059729,0.01985,-0.093616,0.044394,0.085333
58,1954-11-01,0.056274,0.096141,-0.49659,-0.41587,0.0018726,0.020061,-0.091342,0.044123,0.085324
59,1954-12-01,-0.010434,0.21869,-0.53066,-0.44793,0.0099509,0.020217,-0.089005,0.043848,0.085315
60,1955-01-01,-0.051485,0.30174,-0.55404,-0.47707,0.018267,0.020317,-0.086605,0.04357,0.085306
61,1955-02-01,0.061355,0.31849,-0.56837,-0.5031,0.026826,0.02036,-0.084145,0.043287,0.085297
62,1955-03-01,-0.019852,0.3199,-0.57685,-0.52583,0.035632,0.020344,-0.081624,0.043,0.085289
63,1955-04-01,-0.10541,0.31971,-0.58312,-0.54508,0.04469,0.020267,-0.079044,0.04271,0.08528
64,1955-05-01,-0.087037,0.31301,-0.59074,-0.56065,0.054005,0.02013,-0.076406,0.042415,0.085271
65,1955-06-01,0.054469,0.28303,-0.60232,-0.57236,0.06358,0.019931,-0.073711,0.042117,0.085262
66,1955-07-01,0.12977,0.21889,-0.61784,-0.58,0.073406,0.019669,-0.070962,0.041815,0.085252
67,1955-08-01,0.24601,0.11256,-0.63661,-0.58337,0.083474,0.019344,-0.06816,0.041509,0.085243
68,1955-09-01,-0.00048358,-0.033143,-0.65796,-0.58226,0.093768,0.018954,-0.065306,0.0412,0.085234
69,1955-10-01,-0.14948,-0.17933,-0.6812,-0.57645,0.10426,0.018501,-0.062404,0.040887,0.085225
70,1955-11-01,-0.34965,-0.2782,-0.70564,-0.56572,0.1149,0.017983,-0.059454,0.04057,0.085216
71,1955-12-01,-0.13751,-0.29412,-0.73047,-0.54997,0.12567,0.0174,-0.056458,0.040249,0.085207
72,1956-01-01,0.19896,-0.24019,-0.75453,-0.5292,0.13651,0.016751,-0.05342,0.039926,0.085198
73,1956-02-01,0.38392,-0.14264,-0.77563,-0.50355,0.14741,0.016036,-0.050339,0.039598,0.085188
74,1956-03-01,0.44154,-0.027949,-0.79118,-0.47319,0.15831,0.015254,-0.047219,0.039267,0.085179
75,1956-04-01,0.3931,0.080208,-0.79851,-0.43843,0.16918,0.014406,-0.044061,0.038933,0.08517
76,1956-05-01,0.24741,0.17069,-0.79478,-0.39969,0.17999,0.013489,-0.040868,0.038596,0.085161
77,1956-06-01,0.10645,0.23915,-0.77707,-0.35749,0.1907,0.012505,-0.03764,0.038255,0.085151
78,1956-07-01,-0.12741,0.28085,-0.74241,-0.31242,0.20126,0.011453,-0.03438,0.037911,0.085142
79,1956-08-01,-0.25142,0.29071,-0.68785,-0.26503,0.21165,0.010331,-0.03109,0.037563,0.085133
80,1956-09-01,-0.26367,0.26543,-0.6114,-0.21589,0.22183,0.0091403,-0.027771,0.037212,0.085123
81,1956-10-01,-0.2655,0.20924,-0.51535,-0.16556,0.23175,0.0078795,-0.024426,0.036859,0.085114
82,1956-11-01,-0.35907,0.12926,-0.40406,-0.11462,0.24139,0.0065485,-0.021057,0.036502,0.085104
83,1956-12-01,-0.44654,0.032889,-0.28216,-0.063613,0.2507,0.0051466,-0.017664,0.036142,0.085095
84,1957-01-01,-0.33093,-0.071603,-0.15428,-0.013119,0.25965,0.0036735,-0.014252,0.035779,0.085085
85,1957-02-01,-0.1187,-0.17252,-0.025082,0.036302,0.2682,0.0021287,-0.01082,0.035413,0.085076
86,1957-03-01,0.082844,-0.25737,0.10087,0.084083,0.27632,0.00051176,-0.0073712,0.035044,0.085066
87,1957-04-01,0.26638,-0.31385,0.2192,0.12966,0.28396,-0.0011776,-0.0039078,0.034672,0.085057
88,1957-05-01,0.32461,-0.32995,0.3258,0.17247,0.2911,-0.0029397,-0.00043169,0.034297,0.085047
89,1957-06-01,0.3502,-0.29487,0.4178,0.21195,0.29768,-0.0047746,0.003055,0.03392,0.085037
90,1957-07-01,0.33787,-0.20156,0.49405,0.24752,0.30368,-0.0066826,0.0065501,0.033539,0.085028
91,1957-08-01,0.096426,-0.057482,0.5538,0.27863,0.30906,-0.008664,0.010051,0.033156,0.085018
92,1957-09-01,-0.13911,0.10373,0.59627,0.30472,0.31378,-0.010719,0.013557,0.03277,0.085008
93,1957-10-01,-0.22914,0.24383,0.62069,0.32521,0.31781,-0.012848,0.017065,0.032382,0.084999
94,1957-11-01,-0.24349,0.33404,0.62631,0.33954,0.3211,-0.015051,0.020572,0.031991,0.084989
95,1957-12-01,-0.068587,0.36199,0.61234,0.3473,0.32363,-0.017328,0.024077,0.031597,0.084979
96,1958-01-01,0.10282,0.32026,0.57878,0.34873,0.32535,-0.019679,0.027578,0.031201,0.084969
97,1958-02-01,0.17322,0.20261,0.52889,0.34432,0.32623,-0.022106,0.031072,0.030802,0.08496
98,1958-03-01,0.019289,0.027771,0.46678,0.33458,0.32627,-0.024604,0.034558,0.030401,0.08495
99,1958-04-01,-0.12452,-0.14331,0.39654,0.32002,0.32547,-0.027167,0.038033,0.029997,0.08494
100,1958-05-01,-0.11879,-0.25466,0.32225,0.30114,0.32383,-0.029787,0.041495,0.029591,0.08493
101,1958-06-01,-0.064947,-0.30943,0.24802,0.27843,0.32134,-0.032457,0.044942,0.029183,0.08492
102,1958-07-01,0.056192,-0.33142,0.17794,0.2524,0.31801,-0.03517,0.048372,0.028772,0.08491
103,1958-08-01,-0.037984,-0.34261,0.1161,0.22354,0.31383,-0.037918,0.051783,0.028359,0.0849
104,1958-09-01,0.023794,-0.31751,0.065236,0.19236,0.30881,-0.040693,0.055172,0.027944,0.08489
105,1958-10-01,-0.014552,-0.19814,0.022944,0.15936,0.30293,-0.043489,0.058537,0.027527,0.08488
106,1958-11-01,-0.0050071,-0.030436,-0.013358,0.12504,0.29621,-0.046298,0.061877,0.027108,0.08487
107,1958-12-01,0.011757,0.12805,-0.045952,0.089891,0.28863,-0.049113,0.065189,0.026686,0.08486
108,1959-01-01,-0.016905,0.23174,-0.07712,0.054424,0.2802,-0.051925,0.068471,0.026263,0.08485
109,1959-02-01,0.023481,0.26805,-0.10926,0.019136,0.27092,-0.054729,0.071721,0.025837,0.08484
110,1959-03-01,0.023823,0.24739,-0.14419,-0.015473,0.26078,-0.057516,0.074937,0.02541,0.08483
111,1959-04-01,-0.033827,0.18505,-0.17974,-0.048902,0.24978,-0.060278,0.078116,0.02498,0.08482
112,1959-05-01,0.037902,0.089959,-0.21275,-0.080651,0.23793,-0.063009,0.081256,0.024549,0.08481
113,1959-06-01,-0.041491,-0.061061,-0.24002,-0.11022,0.22522,-0.065699,0.084354,0.024116,0.0848
114,1959-07-01,0.043348,-0.18705,-0.25837,-0.13711,0.21165,-0.068342,0.087407,0.023681,0.08479
115,1959-08-01,-0.042149,-0.15726,-0.2645,-0.16081,0.19721,-0.070929,0.090414,0.023244,0.084779
116,1959-09-01,0.037719,-0.011201,-0.25508,-0.18085,0.18192,-0.073452,0.093371,0.022806,0.084769
117,1959-10-01,0.019376,0.11302,-0.22893,-0.19672,0.16576,-0.075905,0.096276,0.022366,0.084759
118,1959-11-01,-0.023423,0.14052,-0.18538,-0.20796,0.14873,-0.07828,0.099128,0.021924,0.084749
119,1959-12-01,0.01701,0.064519,-0.1257,-0.21424,0.13084,-0.080571,0.10193,0.021481,0.084738
120,1960-01-01,-0.013989,-0.051208,-0.059271,-0.21527,0.11208,-0.082772,0.10467,0.021036,0.084728
121,1960-02-01,0.016141,-0.12808,0.0024545,-0.21076,0.092459,-0.084875,0.10735,0.020589,0.084718
122,1960-03-01,-0.023141,-0.12646,0.050106,-0.2005,0.072043,-0.086874,0.10998,0.020142,0.084707
123,1960-04-01,0.032416,-0.10982,0.082588,-0.18426,0.050902,-0.088764,0.11254,0.019692,0.084697
124,1960-05-01,0.00028351,-0.096881,0.10088,-0.16184,0.029124,-0.090536,0.11505,0.019242,0.084687
125,1960-06-01,-0.047559,-0.060902,0.10594,-0.13312,0.0068651,-0.092185,0.11749,0.01879,0.084676
126,1960-07-01,-0.032086,0.017827,0.098962,-0.098176,-0.0157,-0.093704,0.11987,0.018336,0.084666
127,1960-08-01,-0.017308,0.10205,0.082003,-0.057986,-0.038397,-0.095088,0.12219,0.017882,0.084655
128,1960-09-01,0.047003,0.14026,0.057856,-0.014254,-0.061053,-0.096328,0.12444,0.017426,0.084645
129,1960-10-01,-0.008676,0.1006,0.030144,0.030613,-0.083493,-0.09742,0.12662,0.016969,0.084635
130,1960-11-01,-0.032885,0.029708,0.0031439,0.07406,-0.10554,-0.098357,0.12874,0.016511,0.084624
131,1960-12-01,0.024613,-0.024692,-0.018779,0.11357,-0.12703,-0.099133,0.13079,0.016052,0.084614
132,1961-01-01,-0.018864,-0.08194,-0.031587,0.14695,-0.14778,-0.099744,0.13277,0.015592,0.084603
133,1961-02-01,0.020675,-0.12805,-0.031882,0.17266,-0.16762,-0.10018,0.13468,0.01513,0.084592
134,1961-03-01,-0.033727,-0.086022,-0.018304,0.18911,-0.18639,-0.10045,0.13652,0.014668,0.084582
135,1961-04-01,-0.028256,-0.0012676,0.0022594,0.19467,-0.20395,-0.10053,0.1383,0.014205,0.084571
136,1961-05-01,-0.0013942,0.075167,0.020593,0.18796,-0.22021,-0.10042,0.14001,0.013741,0.084561
137,1961-06-01,0.10013,0.10019,0.026753,0.16863,-0.23506,-0.10012,0.14165,0.013276,0.08455
138,1961-07-01,0.0080576,0.047679,0.01459,0.13713,-0.2484,-0.099627,0.14322,0.01281,0.084539
139,1961-08-01,-0.032097,-0.036386,-0.010138,0.096056,-0.2601,-0.098928,0.14472,0.012344,0.084529
140,1961-09-01,-0.096352,-0.087914,-0.03877,0.048576,-0.27007,-0.098022,0.14616,0.011877,0.084518
141,1961-10-01,-0.042218,-0.062553,-0.061418,-0.0021533,-0.2782,-0.096903,0.14753,0.011409,0.084507
142,1961-11-01,0.047216,0.0070641,-0.06563,-0.052975,-0.28437,-0.095565,0.14882,0.01094,0.084497
143,1961-12-01,0.0094007,0.075924,-0.047234,-0.10061,-0.28849,-0.094003,0.15006,0.010471,0.084486
144,1962-01-01,-0.016065,0.099213,-0.0045454,-0.14165,-0.29044,-0.092213,0.15122,0.010001,0.084475
145,1962-02-01,-0.0015857,0.048565,0.060932,-0.17392,-0.2901,-0.090194,0.15232,0.009531,0.084464
146,1962-03-01,0.034474,-0.040635,0.13025,-0.19562,-0.28738,-0.087946,0.15334,0.0090603,0.084453
147,1962-04-01,-0.041375,-0.11343,0.18,-0.20492,-0.28214,-0.085476,0.1543,0.0085892,0.084443
148,1962-05-01,-0.063519,-0.11832,0.19116,-0.19996,-0.27431,-0.08279,0.15519,0.0081177,0.084432
149,1962-06-01,-0.048004,-0.039225,0.16248,-0.1794,-0.26404,-0.079894,0.15601,0.0076458,0.084421
150,1962-07-01,0.062392,0.063569,0.099009,-0.14501,-0.25151,-0.076795,0.15677,0.0071736,0.08441
151,1962-08-01,-0.056523,0.11249,0.006027,-0.10014,-0.23691,-0.0735,0.15746,0.0067011,0.084399
152,1962-09-01,0.036913,0.064794,-0.11164,-0.048317,-0.22043,-0.070015,0.15807,0.0062284,0.084388
153,1962-10-01,0.058355,-0.0081625,-0.23727,0.0069166,-0.20225,-0.066347,0.15862,0.0057555,0.084377
154,1962-11-01,0.049117,-0.063876,-0.35095,0.06202,-0.18256,-0.062502,0.1591,0.0052824,0.084366
155,1962-12-01,-0.024664,-0.084675,-0.43276,0.11345,-0.16154,-0.058487,0.15952,0.0048093,0.084355
156,1963-01-01,-0.094287,-0.055116,-0.46337,0.15794,-0.1394,-0.054309,0.15986,0.0043361,0.084344
157,1963-02-01,-0.070904,0.024228,-0.42898,0.1936,-0.1163,-0.049974,0.16014,0.0038628,0.084333
158,1963-03-01,0.11492,0.083707,-0.32884,0.2201,-0.092449,-0.045488,0.16035,0.0033896,0.084322
159,1963-04-01,0.033418,0.058577,-0.16828,0.23744,-0.068022,-0.040858,0.16049,0.0029164,0.084311
160,1963-05-01,-0.12167,-0.025878,0.033902,0.24564,-0.043211,-0.036092,0.16056,0.0024432,0.0843
161,1963-06-01,-0.078747,-0.11302,0.24965,0.24469,-0.018201,-0.031194,0.16056,0.0019702,0.084289
162,1963-07-01,0.11952,-0.13457,0.45352,0.2346,0.0068166,-0.026173,0.1605,0.0014974,0.084278
163,1963-08-01,0.071426,-0.067704,0.62462,0.21539,0.031644,-0.021034,0.16037,0.0010247,0.084267
164,1963-09-01,-0.066314,0.048812,0.74518,0.18706,0.05608,-0.015784,0.16016,0.00055222,0.084256
165,1963-10-01,-0.1137,0.15235,0.798,0.14963,0.079926,-0.010429,0.15989,8.0015e-05,0.084245
166,1963-11-01,-0.017916,0.20537,0.76763,0.1035,0.10299,-0.0049772,0.15956,-0.0003919,0.084234
167,1963-12-01,0.028617,0.20222,0.65038,0.050618,0.12509,0.00056614,0.15915,-0.0008635,0.084222
168,1964-01-01,0.11068,0.13848,0.46373,-0.0066832,0.14604,0.0061941,0.15867,-0.0013347,0.084211
169,1964-02-01,-0.0029497,0.020886,0.23006,-0.066063,0.16564,0.0119,0.15813,-0.0018056,0.0842
170,1964-03-01,-0.077735,-0.10963,-0.028281,-0.12518,0.18371,0.017678,0.15752,-0.002276,0.084189
171,1964-04-01,-0.08739,-0.20385,-0.28892,-0.18171,0.20007,0.02352,0.15684,-0.002746,0.084177
172,1964-05-01,-0.10205,-0.21614,-0.5295,-0.23329,0.21453,0.029421,0.15609,-0.0032155,0.084166
173,1964-06-01,0.041842,-0.13128,-0.73096,-0.27761,0.22689,0.035374,0.15527,-0.0036844,0.084155
174,1964-07-01,0.088986,-0.0020034,-0.88739,-0.31231,0.23697,0.041372,0.15439,-0.0041528,0.084144
175,1964-08-01,0.0012292,0.10468,-0.99578,-0.33507,0.24459,0.047408,0.15344,-0.0046206,0.084132
176,1964-09-01,-0.068533,0.13179,-1.0542,-0.34357,0.24958,0.053477,0.15241,-0.0050877,0.084121
177,1964-10-01,0.0051722,0.056343,-1.0672,-0.33573,0.25194,0.059571,0.15132,-0.0055542,0.08411
178,1964-11-01,0.045352,-0.039206,-1.0412,-0.31061,0.25176,0.065684,0.15016,-0.00602,0.084098
179,1964-12-01,-0.035423,-0.060918,-0.98112,-0.27008,0.2492,0.071808,0.14894,-0.006485,0.084087
180,1965-01-01,-0.03079,-0.010011,-0.88958,-0.21669,0.24437,0.077931,0.14764,-0.0069493,0.084076
181,1965-02-01,0.022844,0.038734,-0.75298,-0.15301,0.23744,0.084041,0.14627,-0.0074128,0.084064
182,1965-03-01,-0.020487,0.021643,-0.55926,-0.081573,0.22853,0.090125,0.14484,-0.0078754,0.084053
183,1965-04-01,0.021337,-0.029816,-0.31957,-0.0049478,0.21778,0.096171,0.14334,-0.0083372,0.084041
184,1965-05-01,0.021549,-0.069689,-0.050687,0.074317,0.20534,0.10217,0.14177,-0.008798,0.08403
185,1965-06-01,-0.023501,-0.074516,0.23001,0.15367,0.19134,0.1081,0.14013,-0.009258,0.084018
186,1965-07-01,0.025818,-0.058528,0.49956,0.23055,0.17593,0.11396,0.13842,-0.0097169,0.084007
187,1965-08-01,-0.028697,0.0032499,0.7336,0.30241,0.15923,0.11973,0.13665,-0.010175,0.083996
188,1965-09-01,0.032536,0.11799,0.90782,0.36669,0.1414,0.12541,0.1348,-0.010632,0.083984
189,1965-10-01,-0.037436,0.15941,0.99787,0.42084,0.12257,0.13097,0.13289,-0.011087,0.083973
190,1965-11-01,0.043019,0.06463,0.98731,0.46243,0.10288,0.13641,0.13091,-0.011542,0.083961
191,1965-12-01,-0.030318,-0.07533,0.8908,0.48985,0.082468,0.14171,0.12886,-0.011996,0.083949
192,1966-01-01,-0.05382,-0.18529,0.72927,0.50327,0.061478,0.14687,0.12674,-0.012448,0.083938
193,1966-02-01,0.0078086,-0.22175,0.5232,0.50324,0.040057,0.15186,0.12456,-0.012899,0.083926
194,1966-03-01,0.061061,-0.2122,0.29293,0.4903,0.018358,0.15669,0.1223,-0.013349,0.083915
195,1966-04-01,0.015916,-0.18641,0.057549,0.46501,-0.0034659,0.16133,0.11998,-0.013798,0.083903
196,1966-05-01,-0.050123,-0.13917,-0.16634,0.4279,-0.025263,0.16577,0.11758,-0.014245,0.083892
197,1966-06-01,-0.064208,-0.057818,-0.36495,0.37954,-0.046879,0.17,0.11512,-0.014691,0.08388
198,1966-07-01,0.064365,0.053879,-0.52589,0.32047,-0.068162,0.17401,0.11259,-0.015135,0.083868
199,1966-08-01,0.05324,0.16591,-0.63748,0.25123,-0.088959,0.17779,0.10999,-0.015578,0.083857
200,1966-09-01,-0.065716,0.23401,-0.68803,0.17238,-0.10912,0.18133,0.10733,-0.01602,0.083845
201,1966-10-01,0.044958,0.21031,-0.66795,0.084599,-0.12848,0.1846,0.10459,-0.01646,0.083833
202,1966-11-01,0.065775,0.11649,-0.58107,-0.010607,-0.1469,0.18761,0.10179,-0.016899,0.083822
203,1966-12-01,0.071632,-0.0068019,-0.44572,-0.1106,-0.16423,0.19033,0.098913,-0.017336,0.08381
204,1967-01-01,0.043475,-0.12143,-0.28456,-0.21194,-0.1803,0.19276,0.095973,-0.017771,0.083798
205,1967-02-01,-0.034605,-0.19409,-0.11873,-0.31103,-0.19497,0.19488,0.092966,-0.018205,0.083786
206,1967-03-01,-0.076469,-0.19763,0.034738,-0.40427,-0.20808,0.19668,0.089892,-0.018637,0.083775
207,1967-04-01,-0.081199,-0.12728,0.16643,-0.48806,-0.21948,0.19814,0.086753,-0.019068,0.083763
208,1967-05-01,-0.0099382,-0.018105,0.26881,-0.55881,-0.22902,0.19926,0.083549,-0.019496,0.083751
209,1967-06-01,0.087688,0.083293,0.33436,-0.61291,-0.23655,0.20002,0.08028,-0.019923,0.083739
210,1967-07-01,0.053692,0.13868,0.35612,-0.64732,-0.24191,0.20041,0.076949,-0.020349,0.083728
211,1967-08-01,-0.10855,0.14688,0.33111,-0.6614,-0.24494,0.2004,0.073556,-0.020772,0.083716
212,1967-09-01,-0.11522,0.11847,0.26561,-0.65593,-0.24555,0.2,0.070104,-0.021193,0.083704
213,1967-10-01,-0.085112,0.059262,0.17357,-0.63178,-0.24381,0.19919,0.066595,-0.021613,0.083692
214,1967-11-01,0.15418,-0.0176,0.070359,-0.58975,-0.23985,0.19798,0.063031,-0.02203,0.08368
215,1967-12-01,0.14634,-0.070243,-0.028631,-0.53067,-0.2338,0.19637,0.059414,-0.022446,0.083668
216,1968-01-01,-0.041651,-0.080093,-0.10802,-0.45534,-0.2258,0.19435,0.055747,-0.02286,0.083656
217,1968-02-01,-0.20988,-0.058419,-0.15526,-0.36483,-0.21598,0.19196,0.052031,-0.023271,0.083645
218,1968-03-01,-0.24552,-0.01608,-0.1699,-0.26142,-0.20449,0.18919,0.04827,-0.023681,0.083633
219,1968-04-01,-0.21545,0.022504,-0.1571,-0.14854,-0.19147,0.18606,0.044465,-0.024088,0.083621
220,1968-05-01,0.0010728,0.04622,-0.12269,-0.029848,-0.17706,0.18258,0.040619,-0.024493,0.083609
221,1968-06-01,0.12013,0.048616,-0.072493,0.090953,-0.1614,0.17875,0.036733,-0.024896,0.083597
222,1968-07-01,0.25781,0.023576,-0.012647,0.21018,-0.14462,0.1746,0.032811,-0.025297,0.083585
223,1968-08-01,0.02527,-0.027628,0.04821,0.32415,-0.12687,0.17013,0.028854,-0.025696,0.083573
224,1968-09-01,-0.18592,-0.079063,0.096405,0.42917,-0.10828,0.16536,0.024865,-0.026092,0.083561
225,1968-10-01,-0.19145,-0.096321,0.11703,0.52156,-0.089008,0.16028,0.020845,-0.026486,0.083549
226,1968-11-01,-0.10769,-0.050548,0.10127,0.59776,-0.069178,0.15493,0.016798,-0.026877,0.083537
227,1968-12-01,0.08137,0.036499,0.057806,0.65498,-0.048935,0.14929,0.012725,-0.027266,0.083525
228,1969-01-01,0.1004,0.12995,-0.0014741,0.69166,-0.028418,0.1434,0.0086282,-0.027653,0.083513
229,1969-02-01,0.077586,0.1907,-0.065719,0.70798,-0.0077677,0.13725,0.0045106,-0.028038,0.083501
230,1969-03-01,-0.051523,0.17038,-0.12258,0.70454,0.012877,0.13086,0.00037409,-0.028419,0.083489
231,1969-04-01,0.013724,0.05885,-0.16303,0.68193,0.033386,0.12424,-0.003779,-0.028799,0.083477
232,1969-05-01,0.018982,-0.098053,-0.17902,0.64068,0.053664,0.1174,-0.0079465,-0.029175,0.083465
233,1969-06-01,-0.012061,-0.23251,-0.1627,0.58152,0.073621,0.11035,-0.012126,-0.029549,0.083453
234,1969-07-01,0.017485,-0.2485,-0.1085,0.50603,0.093171,0.10311,-0.016316,-0.029921,0.083441
235,1969-08-01,-0.035244,-0.10231,-0.020032,0.41706,0.11222,0.09568,-0.020513,-0.03029,0.083429
236,1969-09-01,0.054064,0.09317,0.087293,0.31866,0.13069,0.088074,-0.024715,-0.030656,0.083417
237,1969-10-01,0.033816,0.20326,0.19553,0.21514,0.14849,0.080303,-0.028921,-0.031019,0.083404
238,1969-11-01,-0.023024,0.16882,0.28688,0.11054,0.16552,0.072379,-0.033127,-0.03138,0.083392
239,1969-12-01,-0.057203,0.042647,0.34656,0.0076721,0.1817,0.064313,-0.037333,-0.031738,0.08338
240,1970-01-01,0.045109,-0.085562,0.36915,-0.091499,0.19695,0.056116,-0.041534,-0.032093,0.083368
241,1970-02-01,-0.036428,-0.094106,0.35196,-0.18557,0.21117,0.047798,-0.04573,-0.032445,0.083356
242,1970-03-01,0.03847,-0.024818,0.29589,-0.27382,0.22427,0.03937,-0.049917,-0.032794,0.083344
243,1970-04-01,0.040098,0.039992,0.21244,-0.35564,0.23617,0.030844,-0.054094,-0.03314,0.083332
244,1970-05-01,0.012941,0.046057,0.11087,-0.43045,0.24678,0.022229,-0.058259,-0.033483,0.083319
245,1970-06-01,-0.065939,0.0096348,-0.0026402,-0.49768,0.25602,0.013532,-0.062409,-0.033824,0.083307
246,1970-07-01,-0.13598,-0.035155,-0.12329,-0.55672,0.26379,0.0047644,-0.066541,-0.034161,0.083295
247,1970-08-01,-0.13422,-0.056362,-0.2465,-0.607,0.27001,-0.0040665,-0.070654,-0.034495,0.083283
248,1970-09-01,0.018719,-0.038378,-0.36776,-0.64793,0.27461,-0.012951,-0.074746,-0.034826,0.083271
249,1970-10-01,0.23072,0.0063771,-0.48306,-0.67892,0.27748,-0.021881,-0.078813,-0.035154,0.083258
250,1970-11-01,0.11145,0.064717,-0.58939,-0.69939,0.27854,-0.030846,-0.082855,-0.035479,0.083246
251,1970-12-01,-0.033945,0.12821,-0.68396,-0.70874,0.2777,-0.039835,-0.086868,-0.0358,0.083234
252,1971-01-01,-0.30121,0.18929,-0.76399,-0.70641,0.27489,-0.048835,-0.09085,-0.036118,0.083222
253,1971-02-01,-0.28742,0.24179,-0.82673,-0.69186,0.27008,-0.057833,-0.0948,-0.036433,0.083209
254,1971-03-01,0.0064047,0.28382,-0.8698,-0.66465,0.2633,-0.066817,-0.098714,-0.036745,0.083197
255,1971-04-01,0.28423,0.3097,-0.89186,-0.6245,0.25467,-0.075773,-0.10259,-0.037053,0.083185
256,1971-05-01,0.35157,0.31289,-0.8916,-0.57188,0.24432,-0.084689,-0.10643,-0.037358,0.083173
257,1971-06-01,0.31272,0.28941,-0.8681,-0.50813,0.23237,-0.093552,-0.11022,-0.037659,0.08316
258,1971-07-01,0.16696,0.24082,-0.82079,-0.43481,0.21895,-0.10235,-0.11398,-0.037957,0.083148
259,1971-08-01,0.11221,0.17015,-0.7492,-0.35348,0.20419,-0.11107,-0.11768,-0.038252,0.083136
260,1971-09-01,0.046396,0.080689,-0.65313,-0.26571,0.18821,-0.11969,-0.12134,-0.038543,0.083123
261,1971-10-01,-0.13258,-0.024027,-0.5326,-0.17305,0.17114,-0.12822,-0.12494,-0.03883,0.083111
262,1971-11-01,-0.32681,-0.13994,-0.38817,-0.077052,0.15311,-0.13662,-0.12849,-0.039114,0.083099
263,1971-12-01,-0.33919,-0.26122,-0.22136,0.020714,0.13424,-0.1449,-0.13199,-0.039394,0.083086
264,1972-01-01,-0.27585,-0.37746,-0.034991,0.11869,0.11467,-0.15303,-0.13543,-0.03967,0.083074
265,1972-02-01,-0.14275,-0.47706,0.16667,0.21532,0.094515,-0.16101,-0.13881,-0.039943,0.083062
266,1972-03-01,0.15972,-0.55199,0.37742,0.30905,0.073908,-0.16881,-0.14213,-0.040212,0.083049
267,1972-04-01,0.23109,-0.59221,0.5891,0.39832,0.052974,-0.17644,-0.14538,-0.040477,0.083037
268,1972-05-01,0.26493,-0.58113,0.79295,0.48156,0.031841,-0.18387,-0.14857,-0.040739,0.083025
269,1972-06-01,0.15811,-0.5049,0.97971,0.55722,0.010636,-0.1911,-0.15168,-0.040997,0.083012
270,1972-07-01,0.026294,-0.36839,1.14,0.62374,-0.010515,-0.1981,-0.15473,-0.04125,0.083
271,1972-08-01,-0.010659,-0.18061,1.2643,0.67956,-0.031483,-0.20488,-0.1577,-0.0415,0.082987
272,1972-09-01,-0.12415,0.040685,1.3433,0.72312,-0.052143,-0.2114,-0.1606,-0.041746,0.082975
273,1972-10-01,-0.16354,0.25567,1.3675,0.75286,-0.072366,-0.21767,-0.16342,-0.041988,0.082963
274,1972-11-01,0.024091,0.42226,1.3271,0.76767,-0.092034,-0.22367,-0.16616,-0.042226,0.08295
275,1972-12-01,0.09837,0.49112,1.2111,0.7682,-0.11106,-0.22938,-0.16881,-0.04246,0.082938
276,1973-01-01,0.10519,0.41989,1.0147,0.75558,-0.12941,-0.2348,-0.17138,-0.04269,0.082925
277,1973-02-01,0.014649,0.2231,0.75213,0.73094,-0.14704,-0.2399,-0.17387,-0.042915,0.082913
278,1973-03-01,-0.070107,-0.022379,0.44218,0.69541,-0.16392,-0.24469,-0.17627,-0.043137,0.0829
279,1973-04-01,-0.05981,-0.22577,0.10362,0.65014,-0.18001,-0.24914,-0.17857,-0.043354,0.082888
280,1973-05-01,0.038206,-0.2997,-0.24478,0.59624,-0.19527,-0.25324,-0.18078,-0.043567,0.082875
281,1973-06-01,-0.024487,-0.21625,-0.58368,0.53487,-0.20967,-0.25697,-0.18289,-0.043776,0.082863
282,1973-07-01,0.013997,-0.060497,-0.89109,0.46715,-0.22318,-0.26034,-0.18491,-0.043981,0.08285
283,1973-08-01,-0.0013826,0.096015,-1.1416,0.39421,-0.23575,-0.26332,-0.18683,-0.044181,0.082838
284,1973-09-01,-0.006817,0.16088,-1.3078,0.3172,-0.24735,-0.2659,-0.18864,-0.044377,0.082825
285,1973-10-01,0.0099466,0.10422,-1.3733,0.23725,-0.25795,-0.26806,-0.19035,-0.044568,0.082813
286,1973-11-01,0.0051783,-0.027172,-1.3421,0.1553,-0.26751,-0.2698,-0.19195,-0.044755,0.0828
287,1973-12-01,-0.025082,-0.12155,-1.2224,0.071681,-0.276,-0.2711,-0.19344,-0.044938,0.082788
288,1974-01-01,0.035288,-0.08482,-1.0251,-0.012853,-0.28337,-0.27196,-0.19482,-0.045116,0.082775
289,1974-02-01,-0.047807,0.037026,-0.77126,-0.097414,-0.28959,-0.27234,-0.19609,-0.04529,0.082763
290,1974-03-01,0.063949,0.12802,-0.48402,-0.18111,-0.29463,-0.27225,-0.19724,-0.045459,0.08275
291,1974-04-01,0.017053,0.164,-0.18672,-0.26305,-0.29845,-0.27167,-0.19827,-0.045623,0.082738
292,1974-05-01,-0.079537,0.15656,0.099174,-0.34235,-0.30102,-0.27059,-0.19919,-0.045783,0.082725
293,1974-06-01,-0.12432,0.11693,0.35998,-0.4181,-0.30229,-0.26898,-0.19998,-0.045938,0.082713
294,1974-07-01,0.083328,0.051732,0.5875,-0.48943,-0.30223,-0.26685,-0.20067,-0.046088,0.0827
295,1974-08-01,0.14546,-0.038795,0.77851,-0.55543,-0.30078,-0.26419,-0.20123,-0.046234,0.082688
296,1974-09-01,0.16102,-0.14994,0.92841,-0.61522,-0.29787,-0.26102,-0.20169,-0.046375,0.082675
297,1974-10-01,0.010128,-0.25551,1.0299,-0.6679,-0.29342,-0.25736,-0.20203,-0.046511,0.082663
298,1974-11-01,-0.15138,-0.30446,1.0753,-0.71259,-0.28737,-0.25323,-0.20227,-0.046642,0.08265
299,1974-12-01,0.041885,-0.25623,1.0577,-0.74855,-0.27966,-0.24864,-0.20239,-0.046769,0.082637
300,1975-01-01,0.11455,-0.13581,0.97751,-0.77576,-0.27021,-0.24361,-0.20241,-0.04689,0.082625
301,1975-02-01,0.00309,0.0085249,0.84653,-0.79432,-0.25895,-0.23815,-0.20232,-0.047007,0.082612
302,1975-03-01,-0.067863,0.13749,0.6795,-0.80435,-0.24584,-0.23228,-0.20213,-0.047119,0.0826
303,1975-04-01,0.01561,0.22215,0.49151,-0.80587,-0.23091,-0.22602,-0.20184,-0.047225,0.082587
304,1975-05-01,0.035437,0.26815,0.29507,-0.79878,-0.2143,-0.21937,-0.20145,-0.047327,0.082575
305,1975-06-01,-0.030776,0.29055,0.097581,-0.783,-0.19618,-0.21236,-0.20095,-0.047424,0.082562
306,1975-07-01,0.014184,0.2858,-0.094545,-0.7584,-0.17671,-0.205,-0.20036,-0.047516,0.082549
307,1975-08-01,0.043583,0.27289,-0.2735,-0.72488,-0.15604,-0.19731,-0.19967,-0.047603,0.082537
308,1975-09-01,-0.055795,0.2546,-0.42877,-0.68234,-0.13434,-0.18931,-0.19889,-0.047686,0.082524
309,1975-10-01,0.067943,0.16795,-0.54919,-0.63066,-0.11178,-0.181,-0.19801,-0.047763,0.082512
310,1975-11-01,-0.0040265,0.020679,-0.62336,-0.56999,-0.088517,-0.1724,-0.19704,-0.047836,0.082499
311,1975-12-01,-0.058782,-0.11123,-0.63893,-0.50141,-0.064709,-0.16354,-0.19598,-0.047904,0.082486
312,1976-01-01,-0.08861,-0.14267,-0.58722,-0.42623,-0.040521,-0.15442,-0.19483,-0.047968,0.082474
313,1976-02-01,-0.019642,-0.037928,-0.47644,-0.34565,-0.016116,-0.14507,-0.19359,-0.048026,0.082461
314,1976-03-01,0.083667,0.085432,-0.32321,-0.26085,0.0083455,-0.13549,-0.19226,-0.04808,0.082448
315,1976-04-01,-0.036493,0.10434,-0.14528,-0.173,0.0327,-0.12571,-0.19085,-0.04813,0.082436
316,1976-05-01,-0.066183,0.025586,0.037959,-0.083302,0.056785,-0.11574,-0.18936,-0.048175,0.082423
317,1976-06-01,0.055707,-0.084671,0.20062,0.0070799,0.080439,-0.10559,-0.18778,-0.048215,0.08241
318,1976-07-01,0.038376,-0.11012,0.31854,0.096962,0.1035,-0.095281,-0.18612,-0.048251,0.082398
319,1976-08-01,-0.0058571,-0.052488,0.38248,0.18516,0.1258,-0.084831,-0.18438,-0.048282,0.082385
320,1976-09-01,-0.032993,0.044323,0.39372,0.27051,0.14719,-0.074253,-0.18256,-0.048309,0.082373
321,1976-10-01,0.0066089,0.12821,0.35632,0.35157,0.1675,-0.063563,-0.18067,-0.048331,0.08236
322,1976-11-01,0.034012,0.17211,0.27881,0.42598,0.18656,-0.052778,-0.1787,-0.048349,0.082347
323,1976-12-01,-0.039975,0.15576,0.17335,0.49124,0.20422,-0.041912,-0.17665,-0.048363,0.082335
324,1977-01-01,-0.022521,0.074431,0.054059,0.54528,0.22032,-0.030982,-0.17454,-0.048372,0.082322
325,1977-02-01,0.055745,-0.053554,-0.064616,0.58616,0.23468,-0.020003,-0.17235,-0.048376,0.082309
326,1977-03-01,-0.061143,-0.18456,-0.16823,0.61193,0.24716,-0.0089919,-0.17009,-0.048377,0.082297
327,1977-04-01,-0.042915,-0.26117,-0.24232,0.62064,0.25758,0.0020368,-0.16776,-0.048373,0.082284
328,1977-05-01,-0.016699,-0.26858,-0.27245,0.61033,0.2658,0.013067,-0.16537,-0.048364,0.082271
329,1977-06-01,0.036896,-0.23429,-0.2492,0.57972,0.2718,0.024082,-0.16291,-0.048352,0.082259
330,1977-07-01,0.052288,-0.18393,-0.1833,0.53075,0.27561,0.035067,-0.16039,-0.048335,0.082246
331,1977-08-01,-0.044494,-0.13053,-0.090499,0.46612,0.27728,0.046007,-0.1578,-0.048314,0.082233
332,1977-09-01,0.035895,-0.050439,0.013439,0.38857,0.27688,0.056884,-0.15515,-0.048289,0.082221
333,1977-10-01,-0.0098816,0.072693,0.11276,0.30079,0.27445,0.067685,-0.15245,-0.048259,0.082208
334,1977-11-01,-0.010739,0.18078,0.19169,0.20553,0.27006,0.078393,-0.14968,-0.048226,0.082195
335,1977-12-01,-0.015758,0.2359,0.23446,0.10551,0.26375,0.088995,-0.14686,-0.048188,0.082183
336,1978-01-01,0.013875,0.20896,0.22844,0.0036125,0.25559,0.099478,-0.14398,-0.048147,0.08217
337,1978-02-01,-0.01493,0.087446,0.17572,-0.096693,0.24562,0.10983,-0.14105,-0.048101,0.082157
338,1978-03-01,0.017802,-0.066112,0.090152,-0.1918,0.23389,0.12003,-0.13806,-0.048051,0.082144
339,1978-04-01,-0.020951,-0.13834,-0.012273,-0.27809,0.22047,0.13008,-0.13502,-0.047997,0.082132
340,1978-05-01,-0.010024,-0.071597,-0.114,-0.35197,0.2054,0.13995,-0.13194,-0.04794,0.082119
341,1978-06-01,0.025299,0.032088,-0.19137,-0.40981,0.18874,0.14963,-0.1288,-0.047878,0.082106
342,1978-07-01,-0.026665,0.057715,-0.22135,-0.44801,0.17054,0.15911,-0.12562,-0.047812,0.082094
343,1978-08-01,0.028247,-0.00088475,-0.19459,-0.46395,0.15085,0.16838,-0.12239,-0.047743,0.082081
344,1978-09-01,-0.014235,-0.020421,-0.12884,-0.45895,0.12974,0.17742,-0.11912,-0.047669,0.082068
345,1978-10-01,-0.034621,0.00058537,-0.042783,-0.43536,0.10731,0.18621,-0.1158,-0.047592,0.082056
346,1978-11-01,0.039965,0.0071667,0.047937,-0.39567,0.083773,0.19475,-0.11245,-0.047511,0.082043
347,1978-12-01,0.037605,-0.010841,0.12767,-0.34239,0.059386,0.20301,-0.10905,-0.047426,0.08203
348,1979-01-01,-0.057318,-0.018509,0.17938,-0.27801,0.034399,0.21099,-0.10561,-0.047337,0.082018
349,1979-02-01,-0.058441,0.013528,0.1896,-0.20504,0.0090644,0.21867,-0.10214,-0.047245,0.082005
350,1979-03-01,-0.03315,0.057386,0.15596,-0.12607,-0.016367,0.22603,-0.098632,-0.047149,0.081992
351,1979-04-01,0.062977,0.063122,0.086639,-0.044007,-0.041644,0.23307,-0.095088,-0.047049,0.081979
352,1979-05-01,0.049291,-0.0062541,0.0022715,0.037929,-0.066514,0.23977,-0.091512,-0.046945,0.081967
353,1979-06-01,-0.0553,-0.088602,-0.075151,0.11646,-0.090727,0.24611,-0.087905,-0.046838,0.081954
354,1979-07-01,-0.046394,-0.1069,-0.12435,0.18865,-0.11403,0.25208,-0.084267,-0.046727,0.081941
355,1979-08-01,0.040296,-0.03831,-0.13149,0.2533,-0.13617,0.25767,-0.0806,-0.046613,0.081929
356,1979-09-01,-0.035081,0.067059,-0.10702,0.31058,-0.1569,0.26286,-0.076907,-0.046495,0.081916
357,1979-10-01,0.035131,0.11729,-0.06574,0.35932,-0.17597,0.26763,-0.073187,-0.046373,0.081903
358,1979-11-01,-0.042186,0.12124,-0.022007,0.39789,-0.19312,0.27199,-0.069443,-0.046248,0.081891
359,1979-12-01,0.041369,0.083638,0.012431,0.42469,-0.20811,0.2759,-0.065676,-0.04612,0.081878
360,1980-01-01,0.073914,0.019259,0.036057,0.4381,-0.22068,0.27936,-0.061887,-0.045988,0.081865
361,1980-02-01,0.030445,-0.045588,0.048716,0.43679,-0.23063,0.28235,-0.058078,-0.045852,0.081853
362,1980-03-01,-0.11637,-0.082009,0.049106,0.42055,-0.23801,0.28485,-0.05425,-0.045714,0.08184
363,1980-04-01,0.0142,-0.069841,0.036442,0.38937,-0.24289,0.28687,-0.050405,-0.045571,0.081827
364,1980-05-01,0.13604,-0.026353,0.014046,0.3434,-0.24537,0.28839,-0.046544,-0.045426,0.081815
365,1980-06-01,0.17135,0.015837,-0.0081466,0.28326,-0.24556,0.2894,-0.042669,-0.045277,0.081802
366,1980-07-01,0.035979,0.028608,-0.018491,0.20964,-0.24354,0.28992,-0.03878,-0.045125,0.081789
367,1980-08-01,-0.17942,0.012794,-0.0095346,0.12373,-0.23945,0.28995,-0.03488,-0.044969,0.081776
368,1980-09-01,-0.19054,-0.0065228,0.0063266,0.028621,-0.23338,0.28951,-0.030969,-0.04481,0.081764
369,1980-10-01,-0.0080666,-0.0076668,0.014511,-0.071976,-0.22546,0.2886,-0.027049,-0.044648,0.081751
370,1980-11-01,0.17715,0.0015003,0.0096883,-0.17393,-0.21579,0.28724,-0.023122,-0.044483,0.081738
371,1980-12-01,0.17669,0.0058969,-0.0080748,-0.2737,-0.20449,0.28545,-0.019187,-0.044314,0.081726
372,1981-01-01,-0.014056,-0.0016731,-0.030239,-0.36791,-0.19168,0.28323,-0.015247,-0.044143,0.081713
373,1981-02-01,-0.1259,-0.0088147,-0.041646,-0.4532,-0.17746,0.2806,-0.011302,-0.043968,0.0817
374,1981-03-01,-0.087714,-0.0040771,-0.028324,-0.52604,-0.16196,0.27757,-0.0073528,-0.04379,0.081688
375,1981-04-01,0.0040464,0.00392,0.010901,-0.5824,-0.14528,0.27415,-0.0034005,-0.043609,0.081675
376,1981-05-01,0.064412,0.010721,0.062577,-0.61932,-0.12754,0.27035,0.00055404,-0.043425,0.081662
377,1981-06-01,0.010479,0.013169,0.11121,-0.63513,-0.10885,0.2662,0.0045098,-0.043238,0.08165
378,1981-07-01,-0.036054,0.002747,0.14234,-0.62841,-0.089371,0.26169,0.0084658,-0.043048,0.081637
379,1981-08-01,0.029819,-0.014453,0.14381,-0.59797,-0.06924,0.25685,0.012421,-0.042855,0.081624
380,1981-09-01,-0.029953,0.010038,0.10537,-0.54386,-0.048609,0.25168,0.016374,-0.042659,0.081612
381,1981-10-01,0.035881,0.021297,0.032623,-0.46783,-0.027631,0.2462,0.020323,-0.04246,0.081599
382,1981-11-01,-0.045943,-0.017596,-0.060514,-0.37351,-0.0064552,0.24042,0.024269,-0.042258,0.081586
383,1981-12-01,0.047833,-0.04187,-0.15806,-0.26476,0.014767,0.23436,0.028208,-0.042054,0.081574
384,1982-01-01,0.070576,-0.019203,-0.24222,-0.14492,0.035886,0.22802,0.032141,-0.041846,0.081561
385,1982-02-01,0.0070565,0.049252,-0.29326,-0.017196,0.056749,0.22142,0.036067,-0.041636,0.081549
386,1982-03-01,-0.090392,0.10433,-0.30109,0.11528,0.077207,0.21457,0.039983,-0.041423,0.081536
387,1982-04-01,0.035938,0.086687,-0.26101,0.24959,0.097109,0.20749,0.043889,-0.041207,0.081523
388,1982-05-01,0.097692,-0.0061609,-0.17855,0.38223,0.1163,0.20018,0.047784,-0.040988,0.081511
389,1982-06-01,-0.019825,-0.14321,-0.066238,0.50957,0.13464,0.19266,0.051667,-0.040766,0.081498
390,1982-07-01,-0.09206,-0.22668,0.0574,0.62794,0.15197,0.18494,0.055536,-0.040542,0.081485
391,1982-08-01,-0.087584,-0.17004,0.17819,0.7337,0.16814,0.17704,0.059391,-0.040316,0.081473
392,1982-09-01,0.037939,-0.0042508,0.28655,0.82319,0.183,0.16897,0.063229,-0.040086,0.08146
393,1982-10-01,0.073459,0.19431,0.3737,0.89275,0.1964,0.16074,0.067051,-0.039854,0.081447
394,1982-11-01,0.010617,0.34656,0.43086,0.93875,0.20819,0.15236,0.070855,-0.039619,0.081435
395,1982-12-01,-0.067898,0.38238,0.44926,0.95752,0.21821,0.14385,0.074639,-0.039382,0.081422
396,1983-01-01,0.070415,0.27774,0.42315,0.94645,0.22637,0.13521,0.078403,-0.039142,0.08141
397,1983-02-01,0.02083,0.12941,0.35876,0.90722,0.23268,0.12647,0.082146,-0.0389,0.081397
398,1983-03-01,-0.087288,-0.0040249,0.26499,0.84289,0.23722,0.11762,0.085866,-0.038655,0.081384
399,1983-04-01,0.0067055,-0.095251,0.15066,0.7566,0.24006,0.1087,0.089562,-0.038408,0.081372
400,1983-05-01,0.11632,-0.16983,0.024591,0.6515,0.24128,0.099702,0.093234,-0.038158,0.081359
401,1983-06-01,0.059394,-0.25765,-0.1044,0.53074,0.24095,0.090641,0.096879,-0.037906,0.081347
402,1983-07-01,0.018104,-0.35293,-0.2275,0.39747,0.23915,0.081525,0.1005,-0.037652,0.081334
403,1983-08-01,-0.034261,-0.44102,-0.33588,0.25483,0.23596,0.072363,0.10409,-0.037395,0.081322
404,1983-09-01,-0.12442,-0.50724,-0.42074,0.10598,0.23144,0.063164,0.10765,-0.037136,0.081309
405,1983-10-01,-0.17908,-0.53693,-0.47325,-0.045945,0.22568,0.053934,0.11118,-0.036874,0.081296
406,1983-11-01,-0.22498,-0.51328,-0.48673,-0.19779,0.21875,0.044683,0.11467,-0.03661,0.081284
407,1983-12-01,-0.079954,-0.4192,-0.46358,-0.34648,0.21073,0.035419,0.11814,-0.036344,0.081271
408,1984-01-01,0.17354,-0.26846,-0.4103,-0.48938,0.2017,0.02615,0.12157,-0.036076,0.081259
409,1984-02-01,0.26191,-0.082921,-0.33359,-0.62441,0.19172,0.016884,0.12497,-0.035806,0.081246
410,1984-03-01,0.21155,0.11562,-0.23964,-0.75007,0.18088,0.0076305,0.12833,-0.035533,0.081234
411,1984-04-01,-0.047634,0.30184,-0.13455,-0.86493,0.16926,-0.0016037,0.13165,-0.035258,0.081221
412,1984-05-01,-0.27109,0.4358,-0.024419,-0.96757,0.15692,-0.01081,0.13493,-0.034981,0.081209
413,1984-06-01,-0.22032,0.48359,0.084655,-1.0566,0.14396,-0.019979,0.13818,-0.034702,0.081196
414,1984-07-01,-0.095589,0.44938,0.1873,-1.1306,0.13043,-0.029104,0.14138,-0.034421,0.081184
415,1984-08-01,0.093122,0.34479,0.28039,-1.1881,0.11642,-0.038176,0.14454,-0.034137,0.081171
416,1984-09-01,0.23585,0.18287,0.35939,-1.2279,0.10201,-0.047186,0.14766,-0.033852,0.081159
417,1984-10-01,0.016357,-0.016545,0.41921,-1.2485,0.087263,-0.056127,0.15073,-0.033565,0.081146
418,1984-11-01,-0.1066,-0.2086,0.45478,-1.2485,0.072266,-0.064991,0.15376,-0.033276,0.081134
419,1984-12-01,-0.18052,-0.34219,0.46101,-1.2265,0.057088,-0.073768,0.15674,-0.032984,0.081121
420,1985-01-01,-0.039412,-0.3797,0.43316,-1.1815,0.041773,-0.082451,0.15967,-0.032691,0.081109
421,1985-02-01,0.13681,-0.33905,0.36959,-1.1139,0.026363,-0.091031,0.16256,-0.032396,0.081096
422,1985-03-01,0.078414,-0.25417,0.27659,-1.0266,0.010898,-0.0995,0.16539,-0.032099,0.081084
423,1985-04-01,0.0023077,-0.14736,0.1626,-0.92256,-0.004579,-0.10785,0.16818,-0.031801,0.081071
424,1985-05-01,-0.07792,-0.037656,0.036133,-0.80492,-0.020029,-0.11607,0.17091,-0.0315,0.081059
425,1985-06-01,0.044982,0.062246,-0.094303,-0.67679,-0.03541,-0.12416,0.17359,-0.031198,0.081046
426,1985-07-01,0.054757,0.16315,-0.2202,-0.54127,-0.050682,-0.1321,0.17621,-0.030894,0.081034
427,1985-08-01,-0.050138,0.26115,-0.33308,-0.40145,-0.065804,-0.13989,0.17878,-0.030588,0.081021
428,1985-09-01,-0.025385,0.30648,-0.42464,-0.26021,-0.080735,-0.14753,0.18129,-0.03028,0.081009
429,1985-10-01,0.042849,0.28101,-0.48803,-0.12017,-0.095434,-0.15499,0.18374,-0.029971,0.080996
430,1985-11-01,0.056108,0.18429,-0.52241,0.016686,-0.10986,-0.16227,0.18613,-0.02966,0.080984
431,1985-12-01,0.0039898,0.032108,-0.53186,0.14901,-0.12397,-0.16937,0.18847,-0.029347,0.080972
432,1986-01-01,-0.053329,-0.12958,-0.52179,0.27604,-0.13773,-0.17628,0.19074,-0.029033,0.080959
433,1986-02-01,-0.06127,-0.24889,-0.49822,0.39728,-0.15109,-0.18298,0.19295,-0.028717,0.080947
434,1986-03-01,0.056651,-0.29605,-0.46702,0.51229,-0.16402,-0.18947,0.19509,-0.028399,0.080934
435,1986-04-01,0.037213,-0.30639,-0.42925,0.62063,-0.17647,-0.19575,0.19718,-0.02808,0.080922
436,1986-05-01,0.0072909,-0.30499,-0.3863,0.72186,-0.1884,-0.2018,0.19919,-0.02776,0.08091
437,1986-06-01,-0.027322,-0.29568,-0.33975,0.81555,-0.19977,-0.20761,0.20114,-0.027438,0.080897
438,1986-07-01,0.018403,-0.26158,-0.29112,0.90124,-0.21054,-0.21318,0.20302,-0.027115,0.080885
439,1986-08-01,-0.013217,-0.1431,-0.24191,0.9785,-0.22068,-0.2185,0.20483,-0.02679,0.080873
440,1986-09-01,0.012898,0.026592,-0.19366,1.0469,-0.23013,-0.22356,0.20657,-0.026463,0.08086
441,1986-10-01,-0.016715,0.16287,-0.14786,1.106,-0.23885,-0.22835,0.20824,-0.026136,0.080848
442,1986-11-01,0.022492,0.24309,-0.10605,1.1553,-0.24682,-0.23287,0.20983,-0.025807,0.080836
443,1986-12-01,0.0095232,0.28993,-0.069496,1.1944,-0.25398,-0.2371,0.21135,-0.025476,0.080823
444,1987-01-01,-0.032323,0.27934,-0.037068,1.2229,-0.26029,-0.24104,0.2128,-0.025144,0.080811
445,1987-02-01,0.013769,0.18743,-0.001287,1.2403,-0.26572,-0.24467,0.21417,-0.024811,0.080799
446,1987-03-01,0.034113,0.019044,0.04707,1.2462,-0.27024,-0.248,0.21546,-0.024477,0.080786
447,1987-04-01,-0.032238,-0.17376,0.11729,1.2402,-0.27383,-0.25101,0.21668,-0.024142,0.080774
448,1987-05-01,0.030214,-0.21658,0.21987,1.222,-0.27654,-0.2537,0.21781,-0.023805,0.080762
449,1987-06-01,-0.029585,-0.066178,0.36301,1.191,-0.27839,-0.25605,0.21887,-0.023467,0.08075
450,1987-07-01,-0.011376,0.097181,0.52711,1.1471,-0.2794,-0.25805,0.21984,-0.023128,0.080737
451,1987-08-01,0.030543,0.15503,0.68534,1.0897,-0.2796,-0.25971,0.22073,-0.022788,0.080725
452,1987-09-01,-0.028515,0.06012,0.81001,1.0186,-0.27901,-0.26102,0.22153,-0.022447,0.080713
453,1987-10-01,0.022581,-0.067761,0.87033,0.93362,-0.27764,-0.26198,0.22225,-0.022104,0.080701
454,1987-11-01,-0.013164,-0.10535,0.83893,0.83588,-0.27551,-0.2626,0.22288,-0.021761,0.080688
455,1987-12-01,0.0038109,-0.084779,0.70641,0.72739,-0.27263,-0.26289,0.22343,-0.021416,0.080676
456,1988-01-01,-0.00030525,-0.051151,0.48957,0.61027,-0.26902,-0.26285,0.22389,-0.021071,0.080664
457,1988-02-01,0.0080367,0.032886,0.21539,0.48666,-0.26468,-0.26249,0.22426,-0.020725,0.080652
458,1988-03-01,-0.029248,0.089074,-0.081895,0.35871,-0.25964,-0.26181,0.22455,-0.020377,0.08064
459,1988-04-01,0.062074,0.0067675,-0.36799,0.22853,-0.2539,-0.26083,0.22475,-0.020029,0.080627
460,1988-05-01,-0.071299,-0.089491,-0.61626,0.098264,-0.24747,-0.25954,0.22486,-0.01968,0.080615
461,1988-06-01,-0.14536,-0.10911,-0.80341,-0.02995,-0.24038,-0.25796,0.22489,-0.01933,0.080603
462,1988-07-01,-0.012211,-0.015304,-0.91622,-0.15398,-0.23264,-0.2561,0.22484,-0.018979,0.080591
463,1988-08-01,0.22632,0.097891,-0.96097,-0.27169,-0.22425,-0.25396,0.2247,-0.018627,0.080579
464,1988-09-01,0.17808,0.13409,-0.95111,-0.38107,-0.21523,-0.25154,0.22449,-0.018274,0.080567
465,1988-10-01,-0.059011,0.10524,-0.89784,-0.48074,-0.2056,-0.24887,0.22419,-0.017921,0.080555
466,1988-11-01,-0.30995,0.038573,-0.80391,-0.5702,-0.19536,-0.24594,0.22382,-0.017567,0.080542
467,1988-12-01,-0.29797,-0.036111,-0.67577,-0.64953,-0.18454,-0.24276,0.22336,-0.017212,0.08053
468,1989-01-01,-0.23901,-0.094445,-0.52163,-0.71893,-0.17314,-0.23934,0.22283,-0.016857,0.080518
469,1989-02-01,-0.028412,-0.13114,-0.35122,-0.77858,-0.16119,-0.23569,0.22223,-0.0165,0.080506
470,1989-03-01,0.14336,-0.1458,-0.17428,-0.82869,-0.14868,-0.23181,0.22155,-0.016143,0.080494
471,1989-04-01,0.28583,-0.13932,0.00080768,-0.86945,-0.13564,-0.22772,0.22079,-0.015786,0.080482
472,1989-05-01,0.30849,-0.11468,0.16772,-0.90104,-0.12208,-0.22341,0.21997,-0.015428,0.08047
473,1989-06-01,0.32085,-0.07578,0.32106,-0.92366,-0.10801,-0.21891,0.21907,-0.015069,0.080458
474,1989-07-01,0.23245,-0.028862,0.45774,-0.93751,-0.093448,-0.2142,0.2181,-0.014709,0.080446
475,1989-08-01,0.053027,0.01907,0.57526,-0.94274,-0.078441,-0.20932,0.21706,-0.014349,0.080434
476,1989-09-01,-0.0076833,0.060974,0.67112,-0.93951,-0.063034,-0.20425,0.21595,-0.013989,0.080422
477,1989-10-01,-0.13992,0.089193,0.74344,-0.92798,-0.047283,-0.199,0.21478,-0.013628,0.08041
478,1989-11-01,-0.23393,0.092579,0.79382,-0.9083,-0.031241,-0.19359,0.21353,-0.013266,0.080398
479,1989-12-01,-0.18475,0.061313,0.82733,-0.88061,-0.014966,-0.18803,0.21223,-0.012904,0.080386
480,1990-01-01,-0.0071107,0.0095634,0.84476,-0.84508,0.001487,-0.18231,0.21086,-0.012541,0.080374
481,1990-02-01,0.077881,-0.040028,0.84477,-0.80184,0.018062,-0.17646,0.20942,-0.012178,0.080362
482,1990-03-01,0.15039,-0.065867,0.82578,-0.751,0.034703,-0.17046,0.20792,-0.011815,0.08035
483,1990-04-01,0.097238,-0.053512,0.78652,-0.69251,0.051354,-0.16434,0.20636,-0.011451,0.080338
484,1990-05-01,0.030081,-0.015816,0.72838,-0.62649,0.067959,-0.1581,0.20475,-0.011086,0.080326
485,1990-06-01,-0.033201,0.025838,0.65542,-0.55343,0.084463,-0.15175,0.20307,-0.010721,0.080314
486,1990-07-01,-0.074731,0.049608,0.57255,-0.47422,0.10081,-0.14529,0.20133,-0.010356,0.080303
487,1990-08-01,0.018876,0.039092,0.48384,-0.38985,0.11694,-0.13874,0.19954,-0.0099908,0.080291
488,1990-09-01,0.043275,-0.00094899,0.38993,-0.30131,0.13281,-0.1321,0.19769,-0.009625,0.080279
489,1990-10-01,-0.030721,-0.041368,0.29191,-0.20959,0.14835,-0.12537,0.19579,-0.0092589,0.080267
490,1990-11-01,0.022799,-0.0066577,0.1894,-0.11567,0.1635,-0.11857,0.19383,-0.0088925,0.080255
491,1990-12-01,-0.022539,0.038189,0.074828,-0.020538,0.17822,-0.1117,0.19182,-0.0085258,0.080243
492,1991-01-01,0.03116,0.0020423,-0.057285,0.074574,0.19245,-0.10477,0.18975,-0.0081589,0.080231
493,1991-02-01,0.0014488,-0.040578,-0.19675,0.16747,0.20613,-0.097789,0.18764,-0.0077917,0.08022
494,1991-03-01,-0.066837,-0.046107,-0.32948,0.25572,0.21921,-0.090764,0.18548,-0.0074243,0.080208
495,1991-04-01,0.0013982,-0.0028583,-0.43975,0.33688,0.23162,-0.083701,0.18326,-0.0070568,0.080196
496,1991-05-01,0.12265,0.054068,-0.50654,0.40861,0.24332,-0.076609,0.181,-0.006689,0.080184
497,1991-06-01,0.12377,0.082029,-0.51212,0.46902,0.25425,-0.069495,0.1787,-0.0063211,0.080173
498,1991-07-01,0.13298,0.044025,-0.44654,0.51701,0.26435,-0.062366,0.17634,-0.0059531,0.080161
499,1991-08-01,-0.033721,-0.059566,-0.32574,0.55218,0.27357,-0.05523,0.17395,-0.0055849,0.080149
500,1991-09-01,-0.12953,-0.14766,-0.17726,0.57427,0.28184,-0.048094,0.17151,-0.0052167,0.080137
501,1991-10-01,-0.11482,-0.13554,-0.025113,0.58303,0.28912,-0.040967,0.16902,-0.0048483,0.080126
502,1991-11-01,0.010617,-0.0078874,0.11547,0.57817,0.29535,-0.033855,0.1665,-0.0044799,0.080114
503,1991-12-01,0.032526,0.16316,0.23122,0.55943,0.30051,-0.026765,0.16393,-0.0041115,0.080102
504,1992-01-01,0.055381,0.28671,0.3089,0.52647,0.30458,-0.019707,0.16133,-0.003743,0.080091
505,1992-02-01,-0.036299,0.28873,0.33789,0.4794,0.30758,-0.012687,0.15868,-0.0033746,0.080079
506,1992-03-01,0.022639,0.20076,0.31967,0.42007,0.30951,-0.0057117,0.156,-0.0030062,0.080067
507,1992-04-01,-0.016136,0.15865,0.2642,0.35099,0.31039,0.0012101,0.15329,-0.0026378,0.080056
508,1992-05-01,0.015767,0.079998,0.18291,0.27473,0.31021,0.0080712,0.15053,-0.0022694,0.080044
509,1992-06-01,-0.018696,-0.11217,0.087248,0.19387,0.309,0.014864,0.14775,-0.0019012,0.080033
510,1992-07-01,0.022303,-0.27368,-0.011371,0.111,0.30675,0.021583,0.14493,-0.001533,0.080021
511,1992-08-01,-0.025432,-0.35435,-0.10151,0.028682,0.30347,0.028223,0.14208,-0.001165,0.08001
512,1992-09-01,-0.014074,-0.41602,-0.17174,-0.050498,0.29916,0.03478,0.13919,-0.00079705,0.079998
513,1992-10-01,0.031537,-0.44786,-0.21064,-0.12397,0.29383,0.041251,0.13628,-0.0004293,0.079986
514,1992-11-01,-0.035984,-0.41272,-0.21047,-0.18919,0.28748,0.047635,0.13334,-6.1711e-05,0.079975
515,1992-12-01,0.041884,-0.26416,-0.17827,-0.24415,0.28012,0.05393,0.13037,0.00030568,0.079963
516,1993-01-01,0.0099727,-0.037585,-0.12411,-0.28814,0.27173,0.060132,0.12737,0.00067286,0.079952
517,1993-02-01,-0.052508,0.19735,-0.057536,-0.32121,0.26233,0.06624,0.12435,0.0010398,0.07994
518,1993-03-01,-0.062885,0.36753,0.012039,-0.3435,0.25192,0.072253,0.1213,0.0014065,0.079929
519,1993-04-01,0.036808,0.42457,0.07519,-0.35517,0.24051,0.078167,0.11823,0.0017729,0.079918
520,1993-05-01,0.059835,0.36358,0.12369,-0.35635,0.22808,0.083981,0.11514,0.0021391,0.079906
521,1993-06-01,0.073913,0.22004,0.15448,-0.34721,0.21466,0.089693,0.11202,0.0025049,0.079895
522,1993-07-01,-0.072961,0.046386,0.16728,-0.32792,0.20027,0.095301,0.10889,0.0028704,0.079883
523,1993-08-01,0.069796,-0.1079,0.16219,-0.29874,0.18501,0.1008,0.10573,0.0032355,0.079872
524,1993-09-01,0.069496,-0.21008,0.13948,-0.26008,0.16897,0.10619,0.10256,0.0036003,0.079861
525,1993-10-01,0.023511,-0.25747,0.099885,-0.21283,0.15225,0.11147,0.099364,0.0039647,0.079849
526,1993-11-01,-0.053953,-0.26422,0.045513,-0.15923,0.13493,0.11664,0.096156,0.0043287,0.079838
527,1993-12-01,0.048291,-0.24159,-0.02105,-0.1019,0.11711,0.1217,0.092932,0.0046923,0.079827
528,1994-01-01,0.021519,-0.18259,-0.095565,-0.043439,0.09888,0.12663,0.089693,0.0050554,0.079815
529,1994-02-01,-0.037617,-0.090974,-0.16842,0.013555,0.080343,0.13145,0.086441,0.005418,0.079804
530,1994-03-01,-0.024495,0.017643,-0.22611,0.066478,0.061588,0.13615,0.083177,0.0057802,0.079793
531,1994-04-01,-0.013632,0.10609,-0.25453,0.11282,0.04271,0.14072,0.079901,0.0061419,0.079782
532,1994-05-01,0.025665,0.132,-0.24035,0.15083,0.023802,0.14517,0.076615,0.006503,0.07977
533,1994-06-01,0.011409,0.07034,-0.17662,0.18049,0.0049576,0.14949,0.07332,0.0068636,0.079759
534,1994-07-01,0.0095583,-0.033178,-0.075518,0.2022,-0.013728,0.15368,0.070017,0.0072237,0.079748
535,1994-08-01,-0.031937,-0.11016,0.046141,0.21636,-0.032167,0.15773,0.066706,0.0075831,0.079737
536,1994-09-01,0.04198,-0.10001,0.17221,0.22339,-0.050288,0.16166,0.063389,0.007942,0.079725
537,1994-10-01,-0.056588,-0.0019429,0.28932,0.22371,-0.06803,0.16544,0.060068,0.0083002,0.079714
538,1994-11-01,0.071721,0.096867,0.3848,0.21777,-0.085355,0.16909,0.056742,0.0086579,0.079703
539,1994-12-01,0.092067,0.14345,0.44595,0.20604,-0.10224,0.1726,0.053413,0.0090148,0.079692
540,1995-01-01,0.038842,0.11328,0.46234,0.18908,-0.11865,0.17597,0.050082,0.0093711,0.079681
541,1995-02-01,-0.11914,0.036952,0.43356,0.16784,-0.13456,0.17919,0.046751,0.0097267,0.07967
542,1995-03-01,-0.12742,-0.047096,0.36593,0.14311,-0.14995,0.18227,0.043419,0.010082,0.079659
543,1995-04-01,-0.11749,-0.11558,0.26688,0.11563,-0.16479,0.1852,0.040089,0.010436,0.079648
544,1995-05-01,-0.094065,-0.172,0.14385,0.086115,-0.17906,0.18797,0.036761,0.010789,0.079637
545,1995-06-01,0.045443,-0.22711,0.0042829,0.055307,-0.19272,0.19059,0.033437,0.011142,0.079626
546,1995-07-01,0.098864,-0.28695,-0.14438,0.023933,-0.20576,0.19306,0.030117,0.011493,0.079615
547,1995-08-01,0.060444,-0.35395,-0.2947,-0.0072764,-0.21814,0.19537,0.026803,0.011844,0.079604
548,1995-09-01,-0.0046446,-0.40149,-0.43924,-0.037591,-0.22984,0.19752,0.023495,0.012195,0.079593
549,1995-10-01,-0.038857,-0.39484,-0.57102,-0.06628,-0.24083,0.19951,0.020196,0.012544,0.079582
550,1995-11-01,0.022345,-0.30425,-0.68509,-0.092614,-0.25109,0.20133,0.016906,0.012892,0.079571
551,1995-12-01,-0.012925,-0.14215,-0.77789,-0.11586,-0.26059,0.20299,0.013627,0.01324,0.07956
552,1996-01-01,0.011543,0.032177,-0.8471,-0.13529,-0.2693,0.20448,0.010358,0.013586,0.079549
553,1996-02-01,-0.014916,0.2266,-0.89068,-0.15018,-0.27721,0.2058,0.0071019,0.013932,0.079538
554,1996-03-01,0.0022181,0.44381,-0.90658,-0.15978,-0.28427,0.20695,0.0038586,0.014277,0.079527
555,1996-04-01,0.022812,0.62113,-0.89255,-0.16361,-0.29047,0.20792,0.00062931,0.014621,0.079516
556,1996-05-01,0.0099522,0.69268,-0.84543,-0.16202,-0.29578,0.20871,-0.0025852,0.014964,0.079506
557,1996-06-01,-0.026743,0.64697,-0.76279,-0.1556,-0.30018,0.20933,-0.0057843,0.015305,0.079495
558,1996-07-01,-0.0074646,0.50671,-0.64656,-0.14494,-0.30368,0.20977,-0.0089674,0.015646,0.079484
559,1996-08-01,0.032247,0.3135,-0.50224,-0.13059,-0.30628,0.21003,-0.012134,0.015986,0.079473
560,1996-09-01,-0.03741,0.10391,-0.33601,-0.11309,-0.30801,0.2101,-0.015284,0.016325,0.079462
561,1996-10-01,0.00068793,-0.13246,-0.15402,-0.092979,-0.30891,0.20999,-0.018416,0.016662,0.079452
562,1996-11-01,0.048172,-0.3905,0.037538,-0.070806,-0.30901,0.2097,-0.021531,0.016999,0.079441
563,1996-12-01,-0.0094385,-0.64899,0.23251,-0.047113,-0.30833,0.20922,-0.024629,0.017334,0.07943
564,1997-01-01,-0.02168,-0.85187,0.42495,-0.022444,-0.30689,0.20855,-0.027709,0.017668,0.07942
565,1997-02-01,-0.047039,-0.93505,0.60984,0.0026578,-0.30474,0.2077,-0.030771,0.018001,0.079409
566,1997-03-01,-0.025518,-0.85359,0.78278,0.027649,-0.3019,0.20666,-0.033815,0.018333,0.079398
567,1997-04-01,-0.020025,-0.64053,0.94033,0.051986,-0.2984,0.20543,-0.036841,0.018664,0.079388
568,1997-05-01,0.027132,-0.34974,1.0792,0.075126,-0.29427,0.20403,-0.039848,0.018993,0.079377
569,1997-06-01,-0.021231,-0.040189,1.1962,0.096524,-0.28955,0.20244,-0.042837,0.019321,0.079367
570,1997-07-01,0.0031773,0.22366,1.2879,0.11564,-0.28427,0.20068,-0.045807,0.019648,0.079356
571,1997-08-01,0.013888,0.43212,1.3512,0.13192,-0.27846,0.19876,-0.048759,0.019974,0.079345
572,1997-09-01,-0.010748,0.61066,1.3828,0.14484,-0.27216,0.19667,-0.051691,0.020299,0.079335
573,1997-10-01,0.0073124,0.78507,1.3793,0.15393,-0.26541,0.19441,-0.054604,0.020622,0.079324
574,1997-11-01,-0.0050892,0.93235,1.337,0.15916,-0.25823,0.192,-0.057498,0.020943,0.079314
575,1997-12-01,0.0067224,1.0009,1.2526,0.16079,-0.25065,0.18944,-0.060372,0.021264,0.079304
576,1998-01-01,-0.01416,0.94664,1.1268,0.15908,-0.24272,0.18673,-0.063226,0.021583,0.079293
577,1998-02-01,0.027665,0.76793,0.96554,0.15432,-0.23445,0.18388,-0.066061,0.0219,0.079283
578,1998-03-01,-0.045686,0.5354,0.77588,0.14678,-0.22587,0.18088,-0.068875,0.022217,0.079272
579,1998-04-01,0.041623,0.2659,0.56485,0.13673,-0.21698,0.17775,-0.07167,0.022531,0.079262
580,1998-05-01,0.084264,-0.042508,0.33947,0.12444,-0.20781,0.17448,-0.074443,0.022845,0.079251
581,1998-06-01,0.061594,-0.37649,0.10678,0.11019,-0.19837,0.17109,-0.077196,0.023156,0.079241
582,1998-07-01,-0.11031,-0.6594,-0.12618,0.09423,-0.18869,0.16758,-0.079929,0.023467,0.079231
583,1998-08-01,-0.011312,-0.81866,-0.3524,0.076848,-0.17877,0.16394,-0.08264,0.023776,0.079221
584,1998-09-01,0.057817,-0.86081,-0.56484,0.058309,-0.16864,0.16019,-0.085331,0.024083,0.07921
585,1998-10-01,0.1137,-0.80876,-0.75743,0.038884,-0.15831,0.15633,-0.088,0.024389,0.0792
586,1998-11-01,0.065389,-0.67386,-0.92817,0.018843,-0.1478,0.15236,-0.090648,0.024693,0.07919
587,1998-12-01,-0.085322,-0.45869,-1.0765,-0.0015429,-0.13713,0.14829,-0.093274,0.024996,0.07918
588,1999-01-01,-0.094148,-0.20803,-1.2022,-0.022003,-0.12631,0.14412,-0.095878,0.025297,0.079169
589,1999-02-01,-0.0059312,0.022482,-1.3051,-0.042268,-0.11536,0.13986,-0.098461,0.025596,0.079159
590,1999-03-01,0.085472,0.22622,-1.3849,-0.062066,-0.1043,0.1355,-0.10102,0.025894,0.079149
591,1999-04-01,0.078737,0.40405,-1.4414,-0.081127,-0.093144,0.13106,-0.10356,0.02619,0.079139
592,1999-05-01,-0.0050621,0.53442,-1.4743,-0.09918,-0.081912,0.12654,-0.10607,0.026484,0.079129
593,1999-06-01,-0.038554,0.58948,-1.4836,-0.11595,-0.070619,0.12194,-0.10857,0.026777,0.079119
594,1999-07-01,-0.096806,0.54451,-1.4696,-0.13123,-0.059284,0.11726,-0.11104,0.027068,0.079109
595,1999-08-01,0.016863,0.40585,-1.4353,-0.14496,-0.047922,0.11252,-0.11349,0.027357,0.079099
596,1999-09-01,0.065203,0.21444,-1.3844,-0.15718,-0.036552,0.10771,-0.11591,0.027645,0.079089
597,1999-10-01,0.11777,0.0044151,-1.3206,-0.16792,-0.025189,0.10284,-0.11831,0.02793,0.079079
598,1999-11-01,0.045534,-0.19149,-1.2475,-0.1772,-0.013853,0.097907,-0.12069,0.028214,0.079069
599,1999-12-01,-0.089805,-0.33129,-1.1687,-0.18506,-0.0025588,0.092925,-0.12304,0.028496,0.079059
600,2000-01-01,-0.12886,-0.37053,-1.0881,-0.19154,0.0086754,0.087894,-0.12537,0.028776,0.079049
601,2000-02-01,0.0059256,-0.28311,-1.0092,-0.19665,0.019833,0.082818,-0.12768,0.029055,0.079039
602,2000-03-01,0.064879,-0.11829,-0.93316,-0.20044,0.030898,0.077702,-0.12996,0.029331,0.079029
603,2000-04-01,0.1165,0.055778,-0.86016,-0.20293,0.041861,0.072549,-0.13222,0.029606,0.079019
604,2000-05-01,0.018377,0.18183,-0.79055,-0.20418,0.052716,0.067364,-0.13445,0.029879,0.079009
605,2000-06-01,-0.015467,0.24622,-0.72463,-0.20422,0.063455,0.062151,-0.13666,0.030149,0.078999
606,2000-07-01,-0.082106,0.24598,-0.66233,-0.20309,0.074071,0.056913,-0.13884,0.030418,0.07899
607,2000-08-01,0.015771,0.18334,-0.60316,-0.20083,0.084557,0.051656,-0.141,0.030685,0.07898
608,2000-09-01,0.054406,0.084875,-0.54987,-0.19749,0.094907,0.046383,-0.14313,0.03095,0.07897
609,2000-10-01,0.0064342,-0.020104,-0.50437,-0.19311,0.10511,0.041099,-0.14524,0.031213,0.07896
610,2000-11-01,-0.031104,-0.12717,-0.46809,-0.18772,0.11517,0.035807,-0.14732,0.031473,0.078951
611,2000-12-01,0.023585,-0.21664,-0.44246,-0.18137,0.12508,0.030512,-0.14938,0.031732,0.078941
612,2001-01-01,-0.019921,-0.19759,-0.42793,-0.17411,0.13483,0.025217,-0.15141,0.031989,0.078931
613,2001-02-01,0.020321,-0.055252,-0.42118,-0.16597,0.14441,0.019928,-0.15342,0.032243,0.078922
614,2001-03-01,-0.02398,0.074657,-0.41816,-0.157,0.15382,0.014648,-0.15539,0.032496,0.078912
615,2001-04-01,0.028896,0.10648,-0.41488,-0.14723,0.16306,0.0093813,-0.15735,0.032746,0.078902
616,2001-05-01,-0.032419,0.14764,-0.40736,-0.13672,0.17211,0.0041321,-0.15927,0.032994,0.078893
617,2001-06-01,0.032502,0.25377,-0.3916,-0.1255,0.18098,-0.0010954,-0.16117,0.03324,0.078883
618,2001-07-01,-0.028896,0.27348,-0.36364,-0.11362,0.18965,-0.0062971,-0.16304,0.033484,0.078874
619,2001-08-01,0.023333,0.16385,-0.32044,-0.10111,0.19813,-0.011469,-0.16489,0.033726,0.078864
620,2001-09-01,0.0066496,0.0082921,-0.26283,-0.088016,0.2064,-0.016607,-0.16671,0.033965,0.078855
621,2001-10-01,-0.017097,-0.15322,-0.1926,-0.074387,0.21446,-0.021706,-0.1685,0.034202,0.078845
622,2001-11-01,0.021253,-0.28801,-0.11153,-0.060261,0.2223,-0.026763,-0.17026,0.034437,0.078836
623,2001-12-01,-0.031411,-0.34116,-0.021404,-0.045681,0.22993,-0.031773,-0.172,0.03467,0.078826
624,2002-01-01,0.045667,-0.33128,0.075701,-0.030687,0.23732,-0.036733,-0.1737,0.0349,0.078817
625,2002-02-01,0.0081629,-0.31037,0.17613,-0.015322,0.24449,-0.041638,-0.17538,0.035128,0.078808
626,2002-03-01,-0.034888,-0.28337,0.27585,0.0003716,0.25141,-0.046484,-0.17704,0.035354,0.078798
627,2002-04-01,-0.086948,-0.24273,0.3708,0.016352,0.25809,-0.051266,-0.17866,0.035577,0.078789
628,2002-05-01,-0.046501,-0.18589,0.45694,0.032577,0.26453,-0.055982,-0.18025,0.035798,0.07878
629,2002-06-01,0.093149,-0.11543,0.53023,0.049005,0.2707,-0.060626,-0.18182,0.036017,0.078771
630,2002-07-01,0.038168,-0.033457,0.58663,0.065593,0.27662,-0.065194,-0.18335,0.036233,0.078761
631,2002-08-01,-0.011604,0.064293,0.62209,0.0823,0.28227,-0.069683,-0.18486,0.036446,0.078752
632,2002-09-01,-0.062754,0.18849,0.63257,0.099083,0.28764,-0.074089,-0.18634,0.036657,0.078743
633,2002-10-01,-0.014754,0.34269,0.61403,0.11588,0.29275,-0.078409,-0.18779,0.036866,0.078734
634,2002-11-01,0.03407,0.42932,0.56254,0.13256,0.29757,-0.082642,-0.18921,0.037072,0.078725
635,2002-12-01,-0.025769,0.35955,0.47653,0.14897,0.30211,-0.086783,-0.1906,0.037276,0.078716
636,2003-01-01,0.026445,0.20486,0.36398,0.16496,0.30636,-0.09083,-0.19196,0.037477,0.078707
637,2003-02-01,-0.037765,0.083513,0.23526,0.18037,0.31031,-0.094781,-0.19329,0.037676,0.078697
638,2003-03-01,0.057339,-0.090434,0.10072,0.19505,0.31398,-0.098632,-0.19459,0.037872,0.078688
639,2003-04-01,-0.015809,-0.29962,-0.029266,0.20885,0.31733,-0.10238,-0.19586,0.038065,0.078679
640,2003-05-01,-0.10217,-0.40929,-0.14435,0.22162,0.32039,-0.10602,-0.19709,0.038256,0.07867
641,2003-06-01,-0.016349,-0.31339,-0.23583,0.2332,0.32313,-0.10956,-0.1983,0.038444,0.078662
642,2003-07-01,0.12889,-0.10105,-0.30166,0.24344,0.32556,-0.11298,-0.19948,0.03863,0.078653
643,2003-08-01,0.052021,0.10905,-0.34146,0.25218,0.32767,-0.1163,-0.20062,0.038813,0.078644
644,2003-09-01,-0.0049404,0.27463,-0.35484,0.25929,0.32947,-0.1195,-0.20174,0.038993,0.078635
645,2003-10-01,-0.1142,0.36769,-0.34145,0.26463,0.33094,-0.12259,-0.20282,0.03917,0.078626
646,2003-11-01,-0.044502,0.35694,-0.30134,0.26829,0.33209,-0.12556,-0.20387,0.039345,0.078617
647,2003-12-01,-0.0065448,0.25513,-0.23667,0.27036,0.33291,-0.12842,-0.20489,0.039517,0.078608
648,2004-01-01,0.059269,0.1101,-0.15497,0.27094,0.33342,-0.13117,-0.20588,0.039686,0.0786
649,2004-02-01,0.018349,-0.034854,-0.065048,0.27012,0.33361,-0.1338,-0.20683,0.039853,0.078591
650,2004-03-01,-0.027065,-0.17326,0.024268,0.26802,0.3335,-0.13631,-0.20776,0.040016,0.078582
651,2004-04-01,0.018332,-0.2917,0.10416,0.26474,0.33308,-0.13872,-0.20865,0.040177,0.078573
652,2004-05-01,-0.0032657,-0.32379,0.16594,0.26037,0.33236,-0.14101,-0.2095,0.040335,0.078565
653,2004-06-01,-0.014961,-0.24025,0.20333,0.25501,0.33134,-0.14319,-0.21033,0.04049,0.078556
654,2004-07-01,0.01602,-0.075499,0.21787,0.24878,0.33002,-0.14527,-0.21112,0.040642,0.078548
655,2004-08-01,-0.016314,0.0729,0.21303,0.24175,0.32842,-0.14724,-0.21188,0.040792,0.078539
656,2004-09-01,0.015673,0.17375,0.1924,0.23389,0.32652,-0.1491,-0.2126,0.040938,0.07853
657,2004-10-01,-0.015426,0.25091,0.15957,0.22515,0.32434,-0.15086,-0.2133,0.041082,0.078522
658,2004-11-01,-0.014322,0.30546,0.11822,0.2155,0.32188,-0.15252,-0.21395,0.041222,0.078513
659,2004-12-01,0.021609,0.33111,0.072057,0.20486,0.31914,-0.15407,-0.21458,0.04136,0.078505
660,2005-01-01,-0.029654,0.34701,0.024012,0.19321,0.31613,-0.15552,-0.21517,0.041494,0.078496
661,2005-02-01,0.040974,0.34186,-0.023664,0.18048,0.31284,-0.15688,-0.21573,0.041626,0.078488
662,2005-03-01,-0.054451,0.30216,-0.06948,0.16663,0.30928,-0.15813,-0.21625,0.041754,0.07848
663,2005-04-01,0.065084,0.24564,-0.11212,0.15161,0.30546,-0.15929,-0.21674,0.041879,0.078471
664,2005-05-01,0.083289,0.18729,-0.15025,0.13538,0.30137,-0.16036,-0.21719,0.042002,0.078463
665,2005-06-01,-0.011308,0.13734,-0.18257,0.11787,0.29703,-0.16132,-0.21761,0.042121,0.078455
666,2005-07-01,-0.10981,0.085599,-0.20775,0.099044,0.29243,-0.1622,-0.21799,0.042237,0.078446
667,2005-08-01,0.0011787,0.017406,-0.22448,0.078852,0.28758,-0.16298,-0.21834,0.04235,0.078438
668,2005-09-01,0.13185,-0.0787,-0.23143,0.057244,0.28248,-0.16368,-0.21865,0.04246,0.07843
669,2005-10-01,0.084394,-0.20618,-0.22734,0.034219,0.27713,-0.16428,-0.21894,0.042567,0.078422
670,2005-11-01,-0.067759,-0.33974,-0.21114,0.0099906,0.27154,-0.16479,-0.21918,0.04267,0.078414
671,2005-12-01,-0.15837,-0.4469,-0.18189,-0.015117,0.26571,-0.16521,-0.2194,0.04277,0.078405
672,2006-01-01,-0.11569,-0.50066,-0.13868,-0.040758,0.25965,-0.16555,-0.21958,0.042867,0.078397
673,2006-02-01,-0.044805,-0.49641,-0.081387,-0.066578,0.25335,-0.1658,-0.21972,0.042961,0.078389
674,2006-03-01,0.059464,-0.43653,-0.013169,-0.092221,0.24682,-0.16596,-0.21984,0.043051,0.078381
675,2006-04-01,0.10347,-0.32378,0.062013,-0.11733,0.24007,-0.16604,-0.21992,0.043139,0.078373
676,2006-05-01,0.19358,-0.16091,0.1402,-0.14155,0.23309,-0.16604,-0.21996,0.043223,0.078365
677,2006-06-01,-0.056176,0.041635,0.21743,-0.16452,0.2259,-0.16595,-0.21998,0.043303,0.078357
678,2006-07-01,-0.20289,0.24456,0.28974,-0.18588,0.21849,-0.16578,-0.21996,0.04338,0.078349
679,2006-08-01,-0.20876,0.41366,0.35316,-0.20528,0.21086,-0.16553,-0.21991,0.043454,0.078341
680,2006-09-01,-0.15877,0.53754,0.40375,-0.22237,0.20303,-0.1652,-0.21983,0.043525,0.078334
681,2006-10-01,-0.044196,0.61104,0.43753,-0.23678,0.19498,-0.16479,-0.21972,0.043593,0.078326
682,2006-11-01,0.14345,0.62931,0.45057,-0.24817,0.18674,-0.1643,-0.21958,0.043657,0.078318
683,2006-12-01,0.20962,0.58952,0.44001,-0.25634,0.17829,-0.16373,-0.2194,0.043718,0.07831
684,2007-01-01,0.14502,0.49968,0.40725,-0.26139,0.16965,-0.16308,-0.2192,0.043776,0.078302
685,2007-02-01,-0.073161,0.37993,0.35509,-0.26348,0.16082,-0.16236,-0.21897,0.04383,0.078295
686,2007-03-01,-0.17033,0.25298,0.28645,-0.26278,0.15179,-0.16156,-0.21871,0.043882,0.078287
687,2007-04-01,-0.17035,0.13992,0.20421,-0.25944,0.14255,-0.16068,-0.21842,0.04393,0.078279
688,2007-05-01,-0.084327,0.049156,0.11127,-0.25362,0.13311,-0.15973,-0.2181,0.043975,0.078272
689,2007-06-01,0.0034646,-0.037781,0.01053,-0.24547,0.12343,-0.15871,-0.21775,0.044017,0.078264
690,2007-07-01,0.11313,-0.14373,-0.095109,-0.23515,0.11353,-0.15761,-0.21738,0.044056,0.078256
691,2007-08-01,0.056119,-0.28287,-0.20275,-0.22282,0.1034,-0.15644,-0.21698,0.044092,0.078249
692,2007-09-01,0.011284,-0.43679,-0.3095,-0.20865,0.093041,-0.1552,-0.21655,0.044124,0.078241
693,2007-10-01,-0.050664,-0.57893,-0.41245,-0.19282,0.082458,-0.15389,-0.21609,0.044154,0.078234
694,2007-11-01,0.0348,-0.67655,-0.50871,-0.17548,0.071655,-0.15251,-0.21561,0.04418,0.078226
695,2007-12-01,0.017427,-0.68213,-0.59538,-0.15681,0.060635,-0.15106,-0.2151,0.044204,0.078219
696,2008-01-01,-0.019294,-0.58173,-0.66973,-0.13697,0.049402,-0.14955,-0.21457,0.044224,0.078212
697,2008-02-01,0.021388,-0.37399,-0.72969,-0.11613,0.037958,-0.14796,-0.21401,0.044242,0.078204
698,2008-03-01,-0.028952,-0.092222,-0.77339,-0.094459,0.026307,-0.14631,-0.21343,0.044256,0.078197
699,2008-04-01,0.038371,0.15317,-0.79891,-0.072128,0.014453,-0.14459,-0.21283,0.044267,0.07819
700,2008-05-01,-0.045308,0.32912,-0.80437,-0.049296,0.0023977,-0.14281,-0.2122,0.044276,0.078182
701,2008-06-01,0.046826,0.50709,-0.78789,-0.02613,-0.0098541,-0.14096,-0.21154,0.044281,0.078175
702,2008-07-01,-0.042584,0.64271,-0.74749,-0.0028679,-0.0223,-0.13905,-0.21087,0.044283,0.078168
703,2008-08-01,-0.030396,0.65109,-0.6812,0.020229,-0.034936,-0.13707,-0.21017,0.044283,0.078161
704,2008-09-01,-0.0018028,0.517,-0.5883,0.042903,-0.047759,-0.13503,-0.20945,0.044279,0.078154
705,2008-10-01,0.018636,0.26965,-0.4732,0.064891,-0.060765,-0.13293,-0.2087,0.044273,0.078146
706,2008-11-01,-0.016862,-0.037233,-0.34158,0.085936,-0.073953,-0.13078,-0.20794,0.044263,0.078139
707,2008-12-01,0.022332,-0.32834,-0.19912,0.10578,-0.087317,-0.12856,-0.20715,0.044251,0.078132
708,2009-01-01,-0.035619,-0.5259,-0.05152,0.12415,-0.10086,-0.12628,-0.20634,0.044236,0.078125
709,2009-02-01,0.00085938,-0.61576,0.095783,0.14081,-0.11456,-0.12394,-0.20552,0.044218,0.078118
710,2009-03-01,0.048474,-0.61016,0.23856,0.15548,-0.12844,-0.12155,-0.20467,0.044197,0.078111
711,2009-04-01,0.1295,-0.52834,0.37404,0.1679,-0.14248,-0.1191,-0.2038,0.044174,0.078104
712,2009-05-01,0.16711,-0.39074,0.49975,0.17782,-0.15668,-0.11659,-0.20292,0.044147,0.078098
713,2009-06-01,0.18269,-0.21603,0.61322,0.18497,-0.17102,-0.11403,-0.20201,0.044118,0.078091
714,2009-07-01,-0.0070328,-0.018192,0.71198,0.18905,-0.18548,-0.11141,-0.20109,0.044086,0.078084
715,2009-08-01,-0.27565,0.17908,0.79356,0.18981,-0.20004,-0.10874,-0.20014,0.044051,0.078077
716,2009-09-01,-0.29169,0.34705,0.8555,0.18694,-0.21467,-0.10602,-0.19918,0.044013,0.07807
717,2009-10-01,-0.14083,0.4741,0.89532,0.18013,-0.2293,-0.10324,-0.19821,0.043973,0.078064
718,2009-11-01,0.089041,0.55087,0.91051,0.1691,-0.24388,-0.10042,-0.19721,0.04393,0.078057
719,2009-12-01,0.41071,0.56674,0.89881,0.15388,-0.25833,-0.097538,-0.1962,0.043884,0.07805
720,2010-01-01,0.43136,0.51384,0.86033,0.13498,-0.2726,-0.094611,-0.19517,0.043835,0.078044
721,2010-02-01,0.436,0.40337,0.79815,0.11305,-0.28663,-0.091635,-0.19413,0.043784,0.078037
722,2010-03-01,0.30437,0.25116,0.71602,0.08871,-0.30034,-0.08861,-0.19307,0.04373,0.07803
723,2010-04-01,0.11433,0.074913,0.61767,0.062607,-0.31369,-0.085538,-0.19199,0.043673,0.078024
724,2010-05-01,-0.056745,-0.10717,0.50684,0.035372,-0.3266,-0.082419,-0.19091,0.043614,0.078017
725,2010-06-01,-0.2315,-0.2769,0.38725,0.0076416,-0.33901,-0.079254,-0.1898,0.043552,0.078011
726,2010-07-01,-0.33256,-0.41605,0.26266,-0.01995,-0.35086,-0.076044,-0.18868,0.043487,0.078005
727,2010-08-01,-0.48256,-0.50644,0.13679,-0.046766,-0.3621,-0.072789,-0.18755,0.04342,0.077998
728,2010-09-01,-0.50144,-0.53256,0.01337,-0.072172,-0.37264,-0.06949,-0.18641,0.04335,0.077992
729,2010-10-01,-0.49578,-0.49206,-0.10405,-0.095532,-0.38244,-0.066149,-0.18525,0.043278,0.077985
730,2010-11-01,-0.4587,-0.39524,-0.21276,-0.11621,-0.39143,-0.062766,-0.18408,0.043203,0.077979
731,2010-12-01,-0.37735,-0.25782,-0.31057,-0.13357,-0.39954,-0.059341,-0.1829,0.043125,0.077973
732,2011-01-01,-0.23724,-0.096603,-0.39588,-0.14698,-0.40672,-0.055875,-0.18171,0.043045,0.077967
733,2011-02-01,-0.023669,0.071551,-0.46723,-0.15581,-0.4129,-0.05237,-0.1805,0.042962,0.077961
734,2011-03-01,0.17807,0.22977,-0.52313,-0.15941,-0.41802,-0.048826,-0.17928,0.042877,0.077954
735,2011-04-01,0.28268,0.36117,-0.56213,-0.15714,-0.42202,-0.045243,-0.17806,0.04279,0.077948
736,2011-05-01,0.30486,0.4489,-0.58275,-0.14834,-0.42487,-0.041624,-0.17682,0.042699,0.077942
737,2011-06-01,0.35933,0.47608,-0.58331,-0.13253,-0.42656,-0.037971,-0.17557,0.042607,0.077936
738,2011-07-01,0.25548,0.43172,-0.56179,-0.1102,-0.42706,-0.034286,-0.17432,0.042512,0.07793
739,2011-08-01,0.081523,0.32912,-0.51852,-0.082479,-0.42635,-0.030572,-0.17305,0.042414,0.077924
740,2011-09-01,-0.079644,0.19031,-0.45721,-0.050654,-0.42443,-0.026831,-0.17178,0.042314,0.077918
741,2011-10-01,-0.24512,0.03803,-0.38223,-0.015994,-0.42126,-0.023065,-0.17049,0.042211,0.077912
742,2011-11-01,-0.2287,-0.10826,-0.29798,0.020232,-0.41683,-0.019278,-0.1692,0.042107,0.077906
743,2011-12-01,-0.13405,-0.23926,-0.20885,0.056753,-0.41112,-0.015472,-0.16791,0.041999,0.0779
744,2012-01-01,0.02567,-0.33623,-0.11916,0.092297,-0.40412,-0.011649,-0.1666,0.04189,0.077895
745,2012-02-01,0.13162,-0.37484,-0.033139,0.12559,-0.39579,-0.007813,-0.16529,0.041778,0.077889
746,2012-03-01,0.071521,-0.33777,0.045401,0.15537,-0.38613,-0.0039651,-0.16397,0.041663,0.077883
747,2012-04-01,-0.037868,-0.23725,0.1132,0.18036,-0.37512,-0.00010857,-0.16264,0.041546,0.077877
748,2012-05-01,-0.069171,-0.096246,0.16712,0.19929,-0.36273,0.0037541,-0.16131,0.041427,0.077872
749,2012-06-01,0.015659,0.051585,0.20401,0.21089,-0.34896,0.0076204,-0.15998,0.041306,0.077866
750,2012-07-01,0.046654,0.18061,0.22072,0.21389,-0.33377,0.011488,-0.15864,0.041182,0.077861
751,2012-08-01,-0.041721,0.26078,0.21408,0.20705,-0.31716,0.015353,-0.15729,0.041056,0.077855
752,2012-09-01,-0.0042809,0.24883,0.18292,0.18968,-0.2992,0.019215,-0.15594,0.040928,0.077849
753,2012-10-01,0.038246,0.15758,0.13441,0.1626,-0.27995,0.023069,-0.15459,0.040797,0.077844
754,2012-11-01,0.042989,0.019498,0.077831,0.12704,-0.25955,0.026914,-0.15323,0.040665,0.077838
755,2012-12-01,0.042706,-0.10856,0.022456,0.084259,-0.2381,0.030748,-0.15187,0.04053,0.077833
756,2013-01-01,-0.045968,-0.15361,-0.022442,0.03549,-0.21574,0.034566,-0.15051,0.040392,0.077828
757,2013-02-01,0.025651,-0.072965,-0.049362,-0.018022,-0.1926,0.038368,-0.14914,0.040253,0.077822
758,2013-03-01,0.04502,0.044407,-0.057898,-0.075032,-0.1688,0.04215,-0.14778,0.040111,0.077817
759,2013-04-01,0.014518,0.096376,-0.049598,-0.13411,-0.14446,0.045909,-0.14641,0.039967,0.077812
760,2013-05-01,-0.043308,0.061819,-0.028074,-0.19295,-0.11972,0.049644,-0.14504,0.039821,0.077806
761,2013-06-01,0.044599,-0.026199,-0.0026341,-0.24823,-0.094688,0.053351,-0.14367,0.039673,0.077801
762,2013-07-01,-0.025464,-0.056685,0.015288,-0.29568,-0.069505,0.057028,-0.1423,0.039523,0.077796
763,2013-08-01,-0.05469,-0.023493,0.017141,-0.33157,-0.044291,0.060672,-0.14093,0.039371,0.077791
764,2013-09-01,0.0036598,0.02222,0.0067072,-0.35515,-0.019166,0.064282,-0.13956,0.039216,0.077786
765,2013-10-01,0.079245,0.044032,-0.0089625,-0.3666,0.0057762,0.067853,-0.13819,0.039059,0.077781
766,2013-11-01,0.087195,0.021371,-0.023666,-0.3666,0.030458,0.071384,-0.13682,0.038901,0.077776
767,2013-12-01,0.0072411,-0.02567,-0.036315,-0.35602,0.054833,0.074872,-0.13545,0.03874,0.077771
768,2014-01-01,-0.089894,-0.066672,-0.047196,-0.33567,0.078862,0.078314,-0.13409,0.038577,0.077766
769,2014-02-01,-0.13353,-0.071024,-0.05676,-0.30635,0.10251,0.081709,-0.13272,0.038412,0.077761
770,2014-03-01,-0.040963,-0.019692,-0.065907,-0.26886,0.12573,0.085052,-0.13136,0.038245,0.077756
771,2014-04-01,0.1186,0.057821,-0.075071,-0.22402,0.1485,0.088342,-0.13,0.038076,0.077751
772,2014-05-01,0.18799,0.11983,-0.084464,-0.1727,0.17077,0.091576,-0.12865,0.037905,0.077746
773,2014-06-01,0.0013725,0.13331,-0.094279,-0.11583,0.1925,0.094752,-0.1273,0.037732,0.077742
774,2014-07-01,-0.14162,0.099123,-0.10407,-0.054297,0.21365,0.097867,-0.12595,0.037557,0.077737
775,2014-08-01,-0.25001,0.024204,-0.11079,0.010972,0.2342,0.10092,-0.12461,0.037381,0.077732
776,2014-09-01,-0.037291,-0.080189,-0.11117,0.079005,0.25409,0.1039,-0.12327,0.037202,0.077728
777,2014-10-01,0.16508,-0.1829,-0.10381,0.14871,0.2733,0.10682,-0.12194,0.037021,0.077723
778,2014-11-01,0.32117,-0.24804,-0.087494,0.21899,0.29178,0.10966,-0.12062,0.036838,0.077718
779,2014-12-01,0.30398,-0.24948,-0.060201,0.28871,0.30949,0.11243,-0.1193,0.036654,0.077714
780,2015-01-01,0.023459,-0.19731,-0.020648,0.35677,0.3264,0.11513,-0.11798,0.036467,0.077709
781,2015-02-01,-0.19688,-0.1115,0.028789,0.42207,0.34247,0.11774,-0.11668,0.036279,0.077705
782,2015-03-01,-0.43302,-0.011624,0.084824,0.48347,0.35766,0.12027,-0.11538,0.036089,0.077701
783,2015-04-01,-0.46527,0.087047,0.14417,0.53989,0.37194,0.12272,-0.11408,0.035897,0.077696
784,2015-05-01,-0.48188,0.17722,0.20354,0.59019,0.38525,0.12508,-0.1128,0.035703,0.077692
785,2015-06-01,-0.47457,0.25504,0.25966,0.63327,0.39758,0.12736,-0.11152,0.035507,0.077688
786,2015-07-01,-0.33684,0.31845,0.30922,0.66803,0.40887,0.12954,-0.11026,0.03531,0.077683
787,2015-08-01,-0.16255,0.36576,0.34896,0.69334,0.41909,0.13162,-0.109,0.03511,0.077679
788,2015-09-01,0.05442,0.39527,0.37558,0.70809,0.4282,0.13361,-0.10775,0.034909,0.077675
789,2015-10-01,0.32021,0.4053,0.38565,0.71131,0.43617,0.1355,-0.10651,0.034706,0.077671
790,2015-11-01,0.44094,0.39299,0.37611,0.70281,0.44298,0.13728,-0.10528,0.034502,0.077667
791,2015-12-01,0.62276,0.35071,0.34774,0.68329,0.44865,0.13896,-0.10406,0.034295,0.077663
792,2016-01-01,0.66908,0.27182,0.30283,0.65362,0.45323,0.14053,-0.10285,0.034087,0.077659
793,2016-02-01,0.57144,0.16139,0.24383,0.61469,0.45678,0.142,-0.10166,0.033877,0.077655
794,2016-03-01,0.31455,0.031368,0.17317,0.56737,0.45935,0.14335,-0.10047,0.033666,0.077651
795,2016-04-01,-0.11795,-0.10526,0.093316,0.51253,0.46099,0.14458,-0.099299,0.033453,0.077647
796,2016-05-01,-0.34241,-0.23553,0.0066944,0.45104,0.46178,0.1457,-0.098139,0.033238,0.077643
797,2016-06-01,-0.57518,-0.34645,-0.084249,0.38377,0.46175,0.14669,-0.096992,0.033021,0.077639
798,2016-07-01,-0.63261,-0.42505,-0.17707,0.31161,0.46098,0.14757,-0.095858,0.032803,0.077635
799,2016-08-01,-0.73104,-0.45835,-0.26933,0.23541,0.45951,0.14831,-0.094737,0.032583,0.077631
800,2016-09-01,-0.68279,-0.43738,-0.3586,0.15606,0.4574,0.14894,-0.09363,0.032362,0.077628
801,2016-10-01,-0.58398,-0.36929,-0.44253,0.074433,0.4547,0.14944,-0.092538,0.032139,0.077624
802,2016-11-01,-0.5265,-0.26544,-0.51882,-0.0086063,0.45146,0.14983,-0.091461,0.031914,0.07762
803,2016-12-01,-0.40133,-0.13809,-0.58514,-0.092181,0.44774,0.15009,-0.090398,0.031688,0.077617
804,2017-01-01,-0.099234,0.00027968,-0.63918,-0.17542,0.44359,0.15024,-0.089351,0.03146,0.077613
805,2017-02-01,0.089021,0.13721,-0.67864,-0.25745,0.43905,0.15028,-0.08832,0.031231,0.07761
806,2017-03-01,0.27267,0.26033,-0.7013,-0.33739,0.43419,0.1502,-0.087305,0.031,0.077606
807,2017-04-01,0.46095,0.35727,-0.70498,-0.41438,0.42906,0.15001,-0.086306,0.030767,0.077603
808,2017-05-01,0.56309,0.41617,-0.68793,-0.48756,0.4237,0.14972,-0.085325,0.030533,0.0776
809,2017-06-01,0.58834,0.42709,-0.65028,-0.55617,0.41817,0.14931,-0.08436,0.030298,0.077596
810,2017-07-01,0.44249,0.3845,-0.59307,-0.6195,0.41253,0.1488,-0.083413,0.030061,0.077593
811,2017-08-01,0.2177,0.29855,-0.51916,-0.67702,0.40681,0.14819,-0.082483,0.029823,0.07759
812,2017-09-01,0.0026808,0.18328,-0.43137,-0.72876,0.40109,0.14747,-0.08157,0.029583,0.077586
813,2017-10-01,-0.21386,0.052754,-0.33233,-0.77488,0.39541,0.14666,-0.080674,0.029342,0.077583
814,2017-11-01,-0.34319,-0.078966,-0.22471,-0.81557,0.38981,0.14574,-0.079795,0.029099,0.07758
815,2017-12-01,-0.39661,-0.19783,-0.11117,-0.85099,0.38436,0.14472,-0.078933,0.028855,0.077577
816,2018-01-01,-0.28373,-0.29143,0.0056482,-0.88131,0.37911,0.1436,-0.078087,0.02861,0.077574
817,2018-02-01,-0.20753,-0.354,0.12307,-0.90671,0.37411,0.14239,-0.077258,0.028363,0.077571
818,2018-03-01,-0.069358,-0.38141,0.23839,-0.92735,0.36941,0.14109,-0.076445,0.028114,0.077568
819,2018-04-01,0.029479,-0.36968,0.34909,-0.94342,0.36506,0.13969,-0.075649,0.027865,0.077565
820,2018-05-01,0.18765,-0.31534,0.45314,-0.95507,0.36112,0.1382,-0.074869,0.027614,0.077562
821,2018-06-01,0.20383,-0.21508,0.54868,-0.96249,0.35764,0.13661,-0.074105,0.027362,0.077559
822,2018-07-01,-0.017003,-0.071875,0.63381,-0.96584,0.35466,0.13494,-0.073357,0.027108,0.077556
823,2018-08-01,-0.14515,0.086582,0.70665,-0.96529,0.35226,0.13318,-0.072625,0.026853,0.077554
824,2018-09-01,-0.14641,0.22809,0.76531,-0.96101,0.35045,0.13133,-0.071909,0.026597,0.077551
825,2018-10-01,0.0092768,0.32458,0.80793,-0.95309,0.34923,0.1294,-0.071208,0.026339,0.077548
826,2018-11-01,0.1346,0.36537,0.83261,-0.94162,0.34856,0.12738,-0.070523,0.026081,0.077546
827,2018-12-01,0.035037,0.34646,0.83806,-0.92675,0.34841,0.12528,-0.069853,0.025821,0.077543
